date,FUTURES Gross Purchase,FUTURES Gross Sales,FUTURES Net Purchase / Sales,OPTIONS Net Purchase / Sales,OPTIONS Gross Sales,OPTIONS Gross Purchase,details
2024-11-07,4376.2,3148.7,1227.5,-855.4,855.4,0.0,caret
2024-11-06,5658.7,4180.3,1478.4,-2211.5,2211.5,0.0,caret
2024-11-05,5021.7,3632.1,1389.7,-4779.0,4779.0,0.0,caret
2024-11-04,4324.8,2940.8,1384.0,-7365.0,7365.0,0.0,caret
2024-11-01,315.0,0.0,315.0,0.0,0.0,0.0,caret
2024-10-31,61625.4,63417.2,-1791.7,383.5,154.6,538.1,caret
2024-10-30,54156.3,55940.8,-1784.4,276.0,3.4,279.4,caret
2024-10-29,60741.4,60573.8,167.6,336.4,87.2,423.6,caret
2024-10-28,31391.6,32523.6,-1132.0,15.7,76.6,92.3,caret
2024-10-25,11444.6,12055.9,-611.3,-321.6,1238.7,917.1,caret
2024-10-24,8075.2,9039.5,-964.3,-159.1,414.4,255.4,caret
2024-10-23,6291.9,8088.2,-1796.3,-162.7,478.0,315.2,caret
2024-10-22,5597.0,6243.9,-646.9,-290.0,690.0,400.0,caret
2024-10-21,8670.8,5949.3,2721.5,222.0,292.6,514.5,caret
2024-10-18,3459.3,6123.8,-2664.6,-178.0,216.3,38.3,caret
2024-10-17,5776.8,6805.6,-1028.8,-506.5,970.9,464.4,caret
2024-10-16,3275.6,5084.5,-1808.9,-120.8,149.9,29.1,caret
2024-10-15,4810.2,4908.4,-98.2,-468.2,837.0,368.9,caret
2024-10-14,3063.6,4051.5,-987.9,-770.6,972.7,202.1,caret
2024-10-11,3174.6,3883.4,-708.8,-880.1,880.1,0.0,caret
2024-10-10,3353.6,4616.7,-1263.0,-558.0,602.4,44.4,caret
2024-10-09,5227.6,2782.2,2445.4,-929.9,944.1,14.2,caret
2024-10-08,5325.9,4731.0,594.9,-398.5,837.1,438.6,caret
2024-10-07,3503.4,9532.0,-6028.6,-1354.6,1940.3,585.7,caret
2024-10-04,3750.3,6798.8,-3048.5,-844.8,844.8,0.0,caret
2024-10-03,4077.0,9768.3,-5691.3,-3751.2,3782.8,31.7,caret
2024-10-01,2261.9,5315.7,-3053.8,-7261.6,7261.6,0.0,caret
2024-09-30,3481.4,6423.7,-2942.3,-3088.2,3088.2,0.0,caret
2024-09-27,7328.2,13261.6,-5933.5,-1457.2,1457.2,0.0,caret
2024-09-26,56520.7,60446.2,-3925.4,1103.1,30.4,1133.5,caret
2024-09-25,55520.5,55920.5,-400.0,537.0,14.0,551.0,caret
2024-09-24,58260.6,60173.1,-1912.5,224.4,136.6,361.0,caret
2024-09-23,38713.9,38126.4,587.5,518.5,19.0,537.5,caret
2024-09-20,17974.0,15012.8,2961.2,-236.7,321.9,85.2,caret
2024-09-19,10657.0,13863.6,-3206.7,-1179.0,1181.5,2.4,caret
2024-09-18,6830.1,5651.1,1179.0,-7.1,43.1,36.0,caret
2024-09-17,4042.8,4517.7,-474.9,-297.5,305.0,7.6,caret
2024-09-16,4201.4,4835.4,-634.0,-131.0,144.2,13.2,caret
2024-09-13,3553.0,3179.9,373.1,-68.6,72.6,4.0,caret
2024-09-12,6541.8,3236.8,3305.1,-2263.8,2264.7,0.9,caret
2024-09-11,5109.7,2263.1,2846.6,-702.7,702.7,0.0,caret
2024-09-10,4398.8,2325.8,2073.1,-626.1,626.1,0.0,caret
2024-09-09,3154.3,3179.8,-25.5,-1141.4,1147.7,6.4,caret
2024-09-06,6456.4,3239.6,3216.8,-1085.6,1217.7,132.0,caret
2024-09-05,3503.1,4792.6,-1289.6,-1582.9,1617.3,34.4,caret
2024-09-04,4570.1,4449.5,120.5,-1062.0,1069.5,7.5,caret
2024-09-03,4217.4,4688.6,-471.2,-2312.2,2320.0,7.8,caret
2024-09-02,4105.9,2666.1,1439.8,-3864.3,3886.3,22.0,caret
2024-08-30,7771.7,10029.8,-2258.1,-1427.7,1429.3,1.6,caret
2024-08-29,63599.1,64559.4,-960.4,1090.4,183.5,1273.9,caret
2024-08-28,61863.5,61210.3,653.2,1020.7,15.2,1035.9,caret
2024-08-27,50040.9,49421.5,619.4,1953.9,0.0,1953.9,caret
2024-08-26,39933.2,40670.4,-737.2,754.3,61.6,815.9,caret
2024-08-23,12011.4,12611.8,-600.4,81.1,1.2,82.3,caret
2024-08-22,10401.9,11329.0,-927.1,-679.5,751.9,72.4,caret
2024-08-21,5097.5,7371.7,-2274.2,-85.2,308.9,223.7,caret
2024-08-20,5100.4,5174.8,-74.4,-306.5,339.1,32.6,caret
2024-08-19,4694.7,4234.6,460.2,-218.9,225.8,6.9,caret
2024-08-16,3483.6,4938.5,-1454.9,-502.1,504.6,2.4,caret
2024-08-14,4414.9,3443.1,971.8,-656.7,718.4,61.7,caret
2024-08-13,5663.6,4428.6,1235.0,-781.7,794.7,13.0,caret
2024-08-12,3564.6,4832.8,-1268.2,-518.1,524.0,5.8,caret
2024-08-09,3372.9,4727.4,-1354.5,-497.3,497.3,0.0,caret
2024-08-08,5079.4,1718.7,3360.8,-337.7,337.7,0.0,caret
2024-08-07,2446.7,5425.8,-2979.2,-836.9,841.4,4.6,caret
2024-08-06,3344.7,3975.4,-630.6,-1025.8,1025.8,0.0,caret
2024-08-05,5125.8,8092.7,-2966.9,-2527.8,2532.9,5.0,caret
2024-08-02,6062.8,3376.5,2686.3,-3409.6,3415.7,6.2,caret
2024-08-01,5635.3,3287.2,2348.1,-3918.0,3918.0,0.0,caret
2024-07-31,5171.5,4894.0,277.5,-624.0,629.7,5.7,caret
2024-07-30,5520.5,5332.9,187.6,-1110.5,1113.2,2.8,caret
2024-07-29,6088.5,6445.6,-357.1,-874.8,875.8,1.0,caret
2024-07-26,5154.0,7208.1,-2054.1,-1178.5,1188.3,9.8,caret
2024-07-25,60112.9,60355.7,-242.8,1045.7,330.6,1376.2,caret
2024-07-24,65018.2,65465.8,-447.6,236.5,3.3,239.8,caret
2024-07-23,48338.7,48176.1,162.7,64.8,322.5,387.3,caret
2024-07-22,34165.2,36146.8,-1981.5,179.5,215.3,394.8,caret
2024-07-19,12958.1,10175.9,2782.2,-511.0,632.9,122.0,caret
2024-07-18,12128.1,10975.5,1152.6,-966.9,966.9,0.0,caret
2024-07-16,5420.2,5766.0,-345.8,-964.0,964.0,0.0,caret
2024-07-15,5845.8,4153.2,1692.6,-583.3,583.3,0.0,caret
2024-07-12,5845.8,4153.2,1692.6,-583.3,583.3,0.0,caret
2024-07-11,4281.9,5231.7,-949.8,-878.2,1072.7,194.5,caret
2024-07-10,4682.1,4064.7,617.4,-1066.4,1066.4,0.0,caret
2024-07-09,4213.9,3961.8,252.2,-941.9,941.9,0.0,caret
2024-07-08,4077.2,3821.4,255.9,-926.2,926.2,0.0,caret
2024-07-05,3723.6,5143.1,-1419.5,-1529.8,1529.8,0.0,caret
2024-07-04,3578.0,3913.1,-335.1,-1765.7,1925.4,159.6,caret
2024-07-03,4997.3,5015.6,-18.3,-4041.2,4041.2,0.0,caret
2024-07-02,3258.6,3694.7,-436.1,-1341.1,1341.1,0.0,caret
2024-07-01,2526.7,4952.2,-2425.4,-1274.2,1274.2,0.0,caret
2024-06-28,3332.4,8583.5,-5251.1,-1804.7,1807.0,2.3,caret
2024-06-27,62311.4,60721.5,1589.9,1543.5,12.9,1556.4,caret
2024-06-26,53781.9,56256.2,-2474.2,1196.8,67.1,1263.9,caret
2024-06-25,41826.0,42647.0,-821.0,288.9,8.4,297.2,caret
2024-06-24,33698.1,37595.5,-3897.4,150.8,137.5,288.3,caret
2024-06-21,13005.2,13243.9,-238.7,-51.3,171.3,120.0,caret
2024-06-20,6858.7,6727.8,130.9,192.4,132.6,324.9,caret
2024-06-19,11022.5,9981.3,1041.2,64.3,346.6,410.9,caret
2024-06-18,4778.6,5775.7,-997.1,-39.6,39.6,0.0,caret
2024-06-14,4096.2,3222.9,873.4,99.0,7.4,106.4,caret
2024-06-13,4706.0,3382.9,1323.1,-11.6,15.5,3.9,caret
2024-06-12,4163.9,3295.9,868.0,-548.2,548.2,0.0,caret
2024-06-11,2925.0,4140.2,-1215.2,-2824.6,2840.3,15.8,caret
2024-06-10,6214.8,3022.6,3192.2,-1856.9,1984.1,127.2,caret
2024-06-07,7670.7,3592.9,4077.8,-1009.4,1070.5,61.0,caret
2024-06-06,4446.4,5040.8,-594.4,-1671.5,1753.1,81.5,caret
2024-06-05,8788.3,8075.8,712.5,-557.7,647.4,89.7,caret
2024-06-04,13184.2,7691.4,5492.9,-2598.8,2654.4,55.6,caret
2024-06-03,9698.0,6387.6,3310.4,-2011.5,2011.5,0.0,caret
2024-05-30,54686.7,53585.1,1101.6,-286.3,987.0,700.7,caret
2024-05-29,46726.6,50372.3,-3645.7,765.2,621.3,1386.5,caret
2024-05-28,46248.3,47143.1,-894.8,-138.1,515.8,377.8,caret
2024-05-27,36082.9,36763.4,-680.5,18.4,486.1,504.4,caret
2024-05-24,16905.0,15661.8,1243.2,-569.6,577.3,7.7,caret
2024-05-23,11501.2,8587.8,2913.5,-298.8,321.0,22.1,caret
2024-05-22,7739.2,6200.0,1539.2,-278.5,375.7,97.2,caret
2024-05-21,5577.6,5090.5,487.1,-102.6,356.9,254.4,caret
2024-05-18,186.8,89.4,97.4,-8.2,8.2,0.0,caret
2024-05-17,4704.8,3379.7,1325.0,-110.0,132.6,22.6,caret
2024-05-16,7318.8,4459.1,2859.7,-429.4,578.6,149.2,caret
2024-05-15,3980.8,2495.1,1485.7,-265.5,356.8,91.3,caret
2024-05-14,3917.2,3487.9,429.4,-539.6,539.6,0.0,caret
2024-05-13,4232.0,4446.6,-214.5,-966.8,966.8,0.0,caret
2024-05-10,2966.2,2864.1,102.1,-150.4,171.4,21.0,caret
2024-05-09,4677.6,6330.4,-1652.9,-809.4,823.7,14.3,caret
2024-05-08,3553.2,5648.6,-2095.4,-741.1,744.3,3.2,caret
2024-05-07,4557.4,4758.6,-201.2,-1737.1,1758.6,21.4,caret
2024-05-06,3589.7,5267.4,-1677.7,-1098.2,1130.9,32.8,caret
2024-05-03,3981.6,5845.3,-1863.7,-3360.5,3367.5,7.0,caret
2024-05-02,3159.9,5981.3,-2821.4,-3923.8,3930.1,6.3,caret
2024-04-30,4436.8,5026.9,-590.1,-787.0,787.6,0.5,caret
2024-04-29,3287.6,3558.0,-270.4,-1372.5,1372.5,0.0,caret
2024-04-26,3089.8,5049.4,-1959.6,-1574.8,1574.8,0.0,caret
2024-04-25,55714.0,58134.3,-2420.3,1767.2,9.0,1776.2,caret
2024-04-24,49798.6,50628.6,-830.0,583.6,4.8,588.4,caret
2024-04-22,34486.3,35811.5,-1325.2,103.8,11.4,115.2,caret
2024-04-19,10867.2,9751.4,1115.9,-193.7,216.8,23.1,caret
2024-04-18,9549.8,9109.1,440.7,-1459.5,1581.0,121.6,caret
2024-04-16,5196.3,4796.9,399.4,-500.1,507.3,7.2,caret
2024-04-15,3939.5,6443.2,-2503.7,-985.4,988.9,3.5,caret
2024-04-12,3453.5,6617.6,-3164.1,-292.9,292.9,0.0,caret
2024-04-10,4495.6,3169.4,1326.1,-914.1,914.1,0.0,caret
2024-04-09,3813.5,4124.2,-310.7,-240.0,313.9,73.9,caret
2024-04-08,3212.5,3964.6,-752.1,-1618.6,1618.6,0.0,caret
2024-04-05,5365.3,2368.6,2996.7,-723.4,727.2,3.8,caret
2024-04-04,5261.8,2935.1,2326.8,-2397.8,2406.8,9.0,caret
2024-04-03,3984.2,3208.2,776.0,-738.3,738.3,0.0,caret
2024-04-02,3746.1,5411.2,-1665.2,-2054.1,2054.1,0.0,caret
2024-04-01,2563.7,3594.3,-1030.6,-1981.4,1981.6,0.2,caret
2024-03-28,54746.6,55753.2,-1006.6,1620.3,628.4,2248.7,caret
2024-03-27,47824.0,45451.3,2372.7,963.5,1.9,965.5,caret
2024-03-26,43152.4,44959.5,-1807.1,95.2,1.4,96.6,caret
2024-03-22,18228.9,19330.2,-1101.2,29.3,0.0,29.3,caret
2024-03-21,13725.6,14771.0,-1045.4,39.6,30.7,70.4,caret
2024-03-20,6312.4,7193.4,-881.0,-74.1,74.1,0.0,caret
2024-03-19,4500.2,6196.5,-1696.3,-726.0,855.8,129.8,caret
2024-03-18,3061.1,3485.4,-424.3,-346.6,414.2,67.7,caret
2024-03-15,6933.5,5993.0,940.5,-986.6,1534.1,547.6,caret
2024-03-14,2923.8,5125.6,-2201.8,-341.4,384.3,42.9,caret
2024-03-13,4352.8,5919.1,-1566.3,-1712.3,1874.9,162.6,caret
2024-03-12,2517.8,3543.4,-1025.6,-1059.3,1093.6,34.3,caret
2024-03-11,3544.8,4493.9,-949.1,-835.9,839.4,3.6,caret
2024-03-07,4173.4,2975.6,1197.8,-1507.6,1507.6,0.0,caret
2024-03-06,3873.9,3606.0,268.0,-1395.2,1395.2,0.0,caret
2024-03-05,2978.1,2793.3,184.8,-1871.5,1871.5,0.0,caret
2024-03-04,2664.5,2953.5,-289.0,-1836.1,1836.1,0.0,caret
2024-03-01,0.0,1482.8,-1482.8,0.0,0.0,0.0,caret
2024-02-29,54757.4,54430.0,327.4,447.0,31.6,478.5,caret
2024-02-28,40654.6,39179.4,1475.2,389.5,75.2,464.8,caret
2024-02-27,36916.0,36601.8,314.2,88.3,140.0,228.3,caret
2024-02-26,27859.0,28447.0,-588.0,111.2,0.0,111.2,caret
2024-02-23,12908.8,11983.0,925.8,39.2,3.4,42.6,caret
2024-02-22,8271.6,9598.7,-1327.1,-105.4,200.8,95.5,caret
2024-02-21,7094.6,5410.3,1684.3,-297.2,307.4,10.2,caret
2024-02-20,6379.2,4614.5,1764.8,-97.8,97.8,0.0,caret
2024-02-19,3946.7,3742.1,204.6,-44.4,44.4,0.0,caret
2024-02-16,3007.6,3916.4,-908.8,-686.8,751.7,64.9,caret
2024-02-15,3689.2,3529.7,159.5,-25.4,43.3,17.9,caret
2024-02-14,3690.7,4003.6,-312.9,-468.7,468.7,0.0,caret
2024-02-13,2425.2,4107.1,-1681.9,-691.1,706.8,15.8,caret
2024-02-12,2850.3,4140.8,-1290.5,-1605.7,1665.8,60.1,caret
2024-02-09,5240.2,3903.8,1336.4,-650.0,652.6,2.6,caret
2024-02-08,5025.4,5178.4,-153.0,-756.2,936.2,180.0,caret
2024-02-07,3331.4,3854.9,-523.5,-1228.1,1230.6,2.4,caret
2024-02-06,4036.2,4671.9,-635.7,-588.0,588.0,0.0,caret
2024-02-05,4543.0,3319.2,1223.7,-1327.9,1327.9,0.0,caret
2024-02-02,4007.2,5275.9,-1268.7,-1635.7,1637.5,1.8,caret
2024-02-01,4901.3,5197.9,-296.6,-3011.1,3011.7,0.6,caret
2024-01-31,3991.0,4575.1,-584.1,-463.4,463.9,0.5,caret
2024-01-30,3070.2,4416.9,-1346.7,-1327.4,1330.5,3.1,caret
2024-01-29,3224.0,5193.6,-1969.7,-1421.8,1421.8,0.0,caret
2024-01-25,54929.4,55982.4,-1053.0,503.8,25.8,529.7,caret
2024-01-24,43781.8,48471.1,-4689.3,13.8,250.2,264.0,caret
2024-01-23,41257.3,38919.4,2337.8,63.6,151.9,215.5,caret
2024-01-20,9780.6,9715.0,65.7,55.9,2.1,58.0,caret
2024-01-19,7684.3,8600.1,-915.8,-291.8,310.4,18.5,caret
2024-01-18,7882.2,10391.6,-2509.4,-1073.6,1203.6,129.9,caret
2024-01-17,6781.1,9192.8,-2411.7,-889.9,1094.3,204.5,caret
2024-01-16,4221.3,3366.0,855.3,-370.4,371.9,1.4,caret
2024-01-15,3400.8,3461.1,-60.3,-355.8,359.8,4.0,caret
2024-01-12,3283.0,3425.8,-142.8,-148.2,225.1,76.9,caret
2024-01-11,4001.6,3535.4,466.2,-389.7,433.6,43.9,caret
2024-01-10,1970.2,3746.4,-1776.1,-647.1,648.4,1.3,caret
2024-01-09,2702.2,2434.5,267.7,-76.4,79.4,3.0,caret
2024-01-08,2929.0,2130.3,798.7,-328.1,355.3,27.2,caret
2024-01-05,3498.7,2675.3,823.4,-1342.3,1357.6,15.3,caret
2024-01-04,2587.2,4142.5,-1555.2,-1352.5,1393.5,41.0,caret
2024-01-03,2975.4,3546.4,-571.0,-1390.5,1397.0,6.5,caret
2024-01-02,2146.8,2353.6,-206.8,-2242.7,2242.7,0.0,caret
2024-01-01,1546.1,2031.8,-485.7,-1703.0,1703.0,0.0,caret
2023-12-29,2034.4,4422.6,-2388.2,-806.7,806.7,0.0,caret
2023-12-28,48515.6,48563.6,-47.9,895.1,152.4,1047.4,caret
2023-12-27,39089.5,38875.4,214.1,58.3,120.8,179.2,caret
2023-12-26,21712.4,22550.3,-838.0,-583.5,583.5,0.0,caret
2023-12-22,21712.4,22550.3,-838.0,-583.5,583.5,0.0,caret
2023-12-21,5873.1,7577.1,-1704.0,-414.5,418.2,3.7,caret
2023-12-20,6384.1,6113.4,270.7,-1132.1,1132.1,0.0,caret
2023-12-19,3800.5,4289.9,-489.4,-750.3,752.1,1.8,caret
2023-12-18,3528.8,3388.4,140.4,-561.7,562.8,1.1,caret
2023-12-15,5968.0,4005.2,1962.8,-522.4,524.3,1.9,caret
2023-12-14,3403.2,3662.2,-259.0,-71.0,71.0,0.0,caret
2023-12-13,1918.7,3100.5,-1181.8,-208.2,208.2,0.0,caret
2023-12-12,1931.8,2462.9,-531.1,-106.3,106.3,0.0,caret
2023-12-11,1807.3,2060.1,-252.8,-110.9,110.9,0.0,caret
2023-12-08,3041.2,2748.5,292.7,-538.6,538.6,0.0,caret
2023-12-07,1883.7,3449.1,-1565.4,-250.2,250.2,0.0,caret
2023-12-06,3406.0,4070.6,-664.7,-158.8,159.3,0.5,caret
2023-12-05,3613.9,2443.9,1170.0,-427.5,427.5,0.0,caret
2023-12-04,4171.0,3363.9,807.1,-130.6,130.6,0.0,caret
2023-12-01,2859.3,3038.3,-179.0,-927.3,927.3,0.0,caret
2023-11-30,48622.2,47364.0,1258.2,1336.6,121.3,1457.9,caret
2023-11-29,43923.7,44497.3,-573.6,276.4,95.7,372.1,caret
2023-11-28,35934.2,37137.5,-1203.4,494.3,0.0,494.3,caret
2023-11-24,11615.5,11733.2,-117.7,27.9,50.2,78.1,caret
2023-11-23,7181.9,7258.0,-76.2,12.1,3.6,15.7,caret
2023-11-22,7400.5,8391.6,-991.2,-91.6,109.0,17.4,caret
2023-11-21,3620.4,4228.5,-608.1,-509.5,509.5,0.0,caret
2023-11-20,2175.6,2477.2,-301.6,-463.0,493.9,30.8,caret
2023-11-17,1745.2,3848.4,-2103.2,-821.1,871.7,50.7,caret
2023-11-16,2110.1,2352.0,-241.9,-1575.6,1588.2,12.6,caret
2023-11-15,2391.7,2581.7,-190.1,-859.2,859.2,0.0,caret
2023-11-13,1560.2,1456.0,104.2,-312.1,329.1,16.9,caret
2023-11-10,1556.6,1387.6,169.1,-173.7,173.7,0.0,caret
2023-11-09,1930.4,2236.3,-305.9,-567.7,578.5,10.9,caret
2023-11-08,2151.1,1816.3,334.8,-650.0,650.6,0.7,caret
2023-11-07,2038.3,2408.9,-370.6,-709.5,709.5,0.0,caret
2023-11-06,2294.0,2569.4,-275.4,-363.8,373.2,9.3,caret
2023-11-03,2255.1,1912.6,342.6,-1293.4,1310.1,16.7,caret
2023-11-02,1937.8,2191.5,-253.7,-2995.9,2996.5,0.6,caret
2023-11-01,1945.2,2035.2,-90.1,-2375.3,2375.3,0.0,caret
2023-10-31,2022.7,1790.4,232.3,-1093.9,1113.8,19.9,caret
2023-10-30,1912.4,2097.3,-184.9,118.2,246.7,365.0,caret
2023-10-27,1883.6,1736.8,146.8,-604.3,604.3,0.0,caret
2023-10-26,47771.5,48299.4,-527.9,172.6,0.0,172.6,caret
2023-10-25,36811.4,38130.3,-1318.9,77.1,1.4,78.4,caret
2023-10-23,31707.5,31863.8,-156.2,-103.4,123.4,20.0,caret
2023-10-20,13755.4,12765.3,990.1,-111.4,151.9,40.5,caret
2023-10-19,6458.6,6444.2,14.4,-262.8,373.4,110.6,caret
2023-10-18,3532.5,4029.5,-497.0,-239.5,302.8,63.4,caret
2023-10-17,2412.7,2372.8,39.9,-978.4,1088.8,110.4,caret
2023-10-16,1565.9,1999.7,-433.8,-458.2,487.3,29.0,caret
2023-10-13,2743.8,2127.3,616.6,-1083.6,1219.5,135.9,caret
2023-10-12,1622.7,2423.8,-801.1,-319.8,319.8,0.0,caret
2023-10-11,1627.9,2109.1,-481.2,-208.1,208.1,0.0,caret
2023-10-10,1385.7,2687.5,-1301.8,-782.4,865.8,83.4,caret
2023-10-09,1797.1,1588.2,208.9,-469.7,469.7,0.0,caret
2023-10-06,1220.0,1768.0,-548.0,-1244.1,1244.1,0.0,caret
2023-10-05,1590.6,1466.8,123.8,-457.7,563.4,105.7,caret
2023-10-04,2396.4,2450.7,-54.3,-1363.8,1363.8,0.0,caret
2023-10-03,1813.6,2278.7,-465.1,-1901.4,1901.4,0.0,caret
2023-09-29,2121.7,2679.9,-558.2,-692.5,692.5,0.0,caret
2023-09-28,45549.6,45623.4,-73.8,425.5,0.0,425.5,caret
2023-09-27,31340.4,32008.3,-668.0,263.5,67.5,331.0,caret
2023-09-26,27425.2,27496.3,-71.1,43.2,206.0,249.3,caret
2023-09-25,22189.3,23268.7,-1079.4,-48.6,138.3,89.7,caret
2023-09-22,7811.9,8219.2,-407.3,-522.5,522.6,0.1,caret
2023-09-21,4287.9,3829.0,458.9,-229.0,264.0,35.1,caret
2023-09-20,3165.2,6193.9,-3028.7,-145.6,320.1,174.5,caret
2023-09-18,2012.5,2513.7,-501.3,-133.7,135.0,1.3,caret
2023-09-15,3603.5,4941.7,-1338.2,-834.5,840.4,6.0,caret
2023-09-14,1877.7,2182.0,-304.3,-534.9,550.2,15.3,caret
2023-09-13,1769.8,2619.0,-849.2,-354.5,372.2,17.7,caret
2023-09-12,3381.4,1862.0,1519.5,-724.8,724.8,0.0,caret
2023-09-11,2910.8,2317.5,593.3,-183.2,183.2,0.0,caret
2023-09-08,2451.5,2016.5,435.0,-713.7,713.7,0.0,caret
2023-09-07,2017.3,1946.5,70.8,-1070.0,1076.9,6.9,caret
2023-09-06,2789.1,2699.5,89.6,-2287.3,2287.3,0.0,caret
2023-09-05,2021.6,1942.4,79.2,-1493.8,1493.8,0.0,caret
2023-09-04,1966.6,3424.4,-1457.8,-1617.3,1617.3,0.0,caret
2023-09-01,2691.0,3513.6,-822.6,-2803.9,2803.9,0.0,caret
2023-08-31,38764.6,40557.3,-1792.7,595.6,64.0,659.6,caret
2023-08-30,26138.7,26466.5,-327.8,792.9,56.0,849.0,caret
2023-08-29,22153.4,22531.6,-378.2,-190.7,351.5,160.8,caret
2023-08-28,14106.0,14819.7,-713.7,105.2,201.8,307.0,caret
2023-08-25,8304.4,8254.9,49.5,-97.0,353.5,256.5,caret
2023-08-24,9335.9,9528.2,-192.3,-138.9,169.0,30.1,caret
2023-08-23,5102.5,5556.1,-453.6,-160.5,166.1,5.6,caret
2023-08-22,4287.9,4297.2,-9.3,-193.7,193.7,0.0,caret
2023-08-21,1544.7,2033.6,-488.9,38.2,145.6,183.8,caret
2023-08-18,2093.3,1829.2,264.1,-3.2,359.5,356.3,caret
2023-08-17,2716.1,2501.0,215.1,-130.4,168.1,37.6,caret
2023-08-16,2645.0,2511.3,133.8,-731.5,868.4,136.9,caret
2023-08-14,2269.2,1880.4,388.8,-309.0,393.3,84.2,caret
2023-08-11,2876.0,3094.5,-218.5,-449.7,455.9,6.2,caret
2023-08-10,2435.4,2461.8,-26.3,-834.4,866.1,31.7,caret
2023-08-09,2386.2,2904.1,-517.9,-796.3,846.6,50.3,caret
2023-08-08,2148.8,2188.6,-39.8,-787.5,787.5,0.0,caret
2023-08-07,1286.6,2729.2,-1442.6,-1028.2,1049.2,21.0,caret
2023-08-04,1771.3,2533.3,-762.0,-691.9,691.9,0.0,caret
2023-08-03,2137.5,3310.0,-1172.4,-1740.3,1755.8,15.5,caret
2023-08-02,2146.5,2472.4,-325.9,-1167.4,1167.4,0.0,caret
2023-08-01,1851.1,2138.5,-287.4,-1723.4,1723.4,0.0,caret
2023-07-31,2684.9,3250.2,-565.3,-757.9,757.9,0.0,caret
2023-07-28,1814.6,3280.7,-1466.1,-2035.9,2035.9,0.0,caret
2023-07-27,33439.9,34715.1,-1275.2,612.8,114.0,726.7,caret
2023-07-26,24996.7,25327.1,-330.4,179.1,52.0,231.1,caret
2023-07-25,20379.4,21488.1,-1108.7,124.9,161.8,286.6,caret
2023-07-24,15801.3,16682.3,-880.9,-106.2,122.4,16.2,caret
2023-07-21,6545.4,8753.9,-2208.6,-637.4,637.4,0.0,caret
2023-07-20,5796.3,5466.3,330.0,-546.9,599.0,52.1,caret
2023-07-19,3382.1,3094.3,287.8,160.7,96.6,257.4,caret
2023-07-18,2757.6,2229.2,528.4,-303.9,353.7,49.7,caret
2023-07-17,3532.5,3621.1,-88.6,-210.1,210.1,0.0,caret
2023-07-14,2765.1,2363.3,401.8,-337.7,352.8,15.1,caret
2023-07-13,2939.1,2161.8,777.4,-122.0,226.3,104.3,caret
2023-07-12,3822.5,4827.7,-1005.2,-491.0,506.6,15.6,caret
2023-07-11,3271.3,3035.9,235.4,-470.2,490.2,20.0,caret
2023-07-10,2322.8,3124.9,-802.1,-1646.1,1666.7,20.7,caret
2023-07-07,1779.9,2602.8,-822.9,-826.9,826.9,0.0,caret
2023-07-06,2556.3,3334.3,-778.0,-1780.5,1780.5,0.0,caret
2023-07-05,2634.8,2822.0,-187.2,-1075.0,1075.0,0.0,caret
2023-07-04,2792.9,1699.5,1093.4,-604.3,604.3,0.0,caret
2023-07-03,2764.0,2292.0,472.0,-308.9,308.9,0.0,caret
2023-06-30,2539.5,2537.0,2.5,-613.4,613.4,0.0,caret
2023-06-28,36608.4,35463.6,1144.8,1485.6,20.1,1505.7,caret
2023-06-27,27213.3,26691.6,521.7,259.9,78.6,338.5,caret
2023-06-26,20813.3,21955.7,-1142.4,14.8,1.3,16.0,caret
2023-06-23,10101.6,10107.4,-5.9,9.6,0.0,9.6,caret
2023-06-22,5454.0,5389.6,64.3,-27.0,32.3,5.3,caret
2023-06-21,5922.0,5502.0,420.0,-12.9,13.1,0.2,caret
2023-06-20,2618.1,2486.6,131.6,-92.6,92.6,0.0,caret
2023-06-19,1571.8,1978.5,-406.6,-33.0,52.8,19.8,caret
2023-06-16,2388.6,2733.9,-345.2,-138.4,148.6,10.2,caret
2023-06-15,2228.5,1885.9,342.6,-97.3,97.3,0.0,caret
2023-06-14,2141.2,1599.7,541.4,-439.4,448.8,9.4,caret
2023-06-13,1832.9,1965.9,-133.0,-258.8,308.0,49.2,caret
2023-06-12,1007.0,2122.0,-1114.9,-598.5,619.9,21.3,caret
2023-06-09,1501.0,1724.2,-223.2,-663.7,685.4,21.8,caret
2023-06-08,2282.6,1768.6,514.0,-344.8,344.8,0.0,caret
2023-06-07,1643.4,1660.0,-16.5,-479.5,479.5,0.0,caret
2023-06-06,2045.0,1847.3,197.6,-550.2,554.0,3.8,caret
2023-06-05,1934.0,1913.0,21.0,-722.2,722.2,0.0,caret
2023-06-02,1681.7,2412.8,-731.1,-1043.7,1053.3,9.7,caret
2023-06-01,1415.7,1604.2,-188.5,-1302.0,1302.0,0.0,caret
2023-05-31,5403.0,5535.8,-132.8,-1380.6,1380.6,0.0,caret
2023-05-30,1368.9,1673.3,-304.4,-426.4,426.4,0.0,caret
2023-05-29,1300.4,1505.2,-204.7,-539.8,544.3,4.6,caret
2023-05-26,1536.8,2089.5,-552.8,-544.6,544.6,0.0,caret
2023-05-25,29812.3,29952.2,-139.9,518.5,220.4,738.8,caret
2023-05-24,23127.9,23263.5,-135.6,537.9,13.6,551.5,caret
2023-05-23,18473.0,18833.5,-360.5,-31.1,31.4,0.3,caret
2023-05-22,13319.4,14008.8,-689.4,-88.4,99.0,10.5,caret
2023-05-19,6082.8,7391.4,-1308.6,-166.7,192.7,26.0,caret
2023-05-18,3885.9,4067.2,-181.4,9.6,6.4,15.9,caret
2023-05-17,2365.9,2302.2,63.7,-56.3,63.9,7.6,caret
2023-05-16,2061.2,1860.0,201.2,-445.8,460.1,14.3,caret
2023-05-15,1433.0,1586.4,-153.4,-261.7,262.5,0.8,caret
2023-05-12,1816.3,1778.1,38.3,-124.7,151.1,26.4,caret
2023-05-11,1729.4,2237.5,-508.1,-495.6,495.6,0.0,caret
2023-05-10,1615.3,1682.4,-67.1,-467.2,467.2,0.0,caret
2023-05-09,1633.3,1483.1,150.2,-169.4,169.4,0.0,caret
2023-05-08,1322.9,1704.9,-382.0,-762.1,762.1,0.0,caret
2023-05-05,2325.0,2056.0,269.0,-1684.2,1900.1,215.9,caret
2023-05-04,1373.4,1291.7,81.7,-1132.1,1132.1,0.0,caret
2023-05-03,1313.0,1456.6,-143.6,-835.7,835.7,0.0,caret
2023-05-02,1402.2,1618.1,-215.9,-806.9,806.9,0.0,caret
2023-04-28,1575.1,1753.4,-178.2,-668.0,668.0,0.0,caret
2023-04-27,28213.7,27816.2,397.5,301.9,395.1,697.0,caret
2023-04-26,21896.3,21203.1,693.2,245.0,39.8,284.8,caret
2023-04-25,19257.4,20001.0,-743.6,-9.9,91.5,81.6,caret
2023-04-24,13909.2,14256.7,-347.4,-173.3,195.8,22.6,caret
2023-04-21,5142.2,5591.8,-449.6,-78.0,85.4,7.5,caret
2023-04-20,4270.1,4273.5,-3.4,-149.0,156.5,7.5,caret
2023-04-19,2057.2,2105.2,-48.0,-534.9,535.0,0.2,caret
2023-04-18,2150.9,1997.5,153.4,-1191.6,1196.4,4.8,caret
2023-04-17,2270.5,2751.5,-481.0,-1109.9,1123.9,14.0,caret
2023-04-13,1848.3,1499.9,348.4,-998.0,1050.1,52.1,caret
2023-04-12,2066.3,1547.0,519.3,-1103.2,1103.2,0.0,caret
2023-04-11,1766.8,1794.4,-27.6,-862.7,862.7,0.0,caret
2023-04-10,1766.8,1794.4,-27.6,-862.7,862.7,0.0,caret
2023-04-06,1760.2,892.4,867.8,-440.7,440.7,0.0,caret
2023-04-05,2213.2,1745.5,467.7,-542.1,542.1,0.0,caret
2023-04-03,1313.2,1131.5,181.7,-415.7,415.7,0.0,caret
2023-03-31,2011.1,1671.4,339.8,-232.4,232.4,0.0,caret
2023-03-29,30898.5,30274.6,623.8,31.6,30.4,62.0,caret
2023-03-28,22017.9,20436.3,1581.6,40.1,8.5,48.6,caret
2023-03-27,22709.8,22314.4,395.4,-0.5,1.5,1.0,caret
2023-03-24,8588.9,8005.0,583.8,-1.5,1.6,0.1,caret
2023-03-23,6561.6,6041.2,520.4,54.4,18.4,72.7,caret
2023-03-22,4601.7,3858.1,743.6,-1.0,1.0,0.0,caret
2023-03-21,2343.3,2578.1,-234.8,0.0,0.0,0.0,caret
2023-03-20,1988.9,1522.1,466.8,-92.9,93.4,0.5,caret
2023-03-17,2273.8,2870.2,-596.4,-74.2,101.4,27.2,caret
2023-03-16,1950.0,2256.0,-306.0,-30.3,30.3,0.0,caret
2023-03-15,1420.4,1221.2,199.2,-169.6,169.6,0.0,caret
2023-03-14,1068.7,2334.2,-1265.4,-86.9,86.9,0.0,caret
2023-03-13,1455.8,1564.4,-108.6,-150.2,155.9,5.8,caret
2023-03-10,1372.0,1104.1,267.8,-465.7,465.7,0.0,caret
2023-03-09,1712.7,1069.9,642.9,-317.3,317.3,0.0,caret
2023-03-08,1829.7,1078.4,751.3,-659.7,659.7,0.0,caret
2023-03-06,17920.2,9263.9,8656.3,-3381.4,3521.4,140.0,caret
2023-03-03,1818.1,1128.0,690.1,-340.5,340.5,0.0,caret
2023-03-02,1661.8,1521.6,140.2,-450.2,450.2,0.0,caret
2023-03-01,1555.4,1241.5,313.8,-119.3,119.3,0.0,caret
2023-02-28,1895.7,3274.7,-1379.0,-813.8,813.8,0.0,caret
2023-02-27,5846.6,6789.1,-942.6,-3937.5,3937.5,0.0,caret
2023-02-24,1382.8,1387.0,-4.2,-249.1,249.1,0.0,caret
2023-02-23,29668.4,29403.2,265.2,170.4,69.6,240.0,caret
2023-02-22,22834.9,22694.6,140.3,124.4,5.4,129.8,caret
2023-02-21,20038.2,20054.7,-16.4,227.7,0.2,228.0,caret
2023-02-20,17686.5,17968.6,-282.1,0.0,0.0,0.0,caret
2023-02-17,7164.6,6965.6,198.9,-5.6,70.0,64.4,caret
2023-02-16,5232.6,5278.2,-45.6,-54.3,56.1,1.8,caret
2023-02-15,2145.8,2030.5,115.3,4.6,22.7,27.3,caret
2023-02-14,1455.4,1261.9,193.5,-299.4,299.4,0.0,caret
2023-02-13,1637.2,1132.5,504.7,-291.3,318.5,27.3,caret
2023-02-10,1817.8,1107.8,709.9,-137.8,142.8,5.0,caret
2023-02-09,1880.0,1818.4,61.5,-195.5,199.0,3.5,caret
2023-02-08,1861.6,1657.4,204.1,-157.5,161.4,3.9,caret
2023-02-07,1984.7,2178.3,-193.6,-478.0,478.0,0.0,caret
2023-02-06,1755.3,1633.5,121.8,-344.3,344.3,0.0,caret
2023-02-03,2287.6,1728.2,559.4,-356.0,356.0,0.0,caret
2023-02-02,2224.2,2599.7,-375.5,-467.3,467.3,0.0,caret
2023-02-01,3517.2,1343.8,2173.4,-672.8,674.6,1.9,caret
2023-01-31,1678.4,2336.5,-658.2,-702.5,705.5,3.0,caret
2023-01-30,1701.3,3911.0,-2209.7,-307.0,307.0,0.0,caret
2023-01-27,2561.6,4599.8,-2038.2,-254.3,292.4,38.0,caret
2023-01-25,30896.4,30612.6,283.9,464.9,185.0,649.8,caret
2023-01-24,25913.3,25850.4,62.9,163.6,51.6,215.2,caret
2023-01-23,26115.8,26821.0,-705.2,11.2,0.0,11.2,caret
2023-01-20,11376.0,11818.3,-442.3,534.4,24.0,558.4,caret
2023-01-19,7589.6,7069.5,520.1,113.9,61.8,175.7,caret
2023-01-18,2070.6,2229.2,-158.6,-101.6,101.6,0.0,caret
2023-01-17,2070.6,2229.2,-158.6,-101.6,101.6,0.0,caret
2023-01-16,1530.5,1464.9,65.6,-0.7,24.0,23.4,caret
2023-01-13,1039.1,1963.9,-924.8,-210.4,210.4,0.0,caret
2023-01-12,930.2,1393.6,-463.4,-32.4,46.6,14.3,caret
2023-01-11,851.7,1472.1,-620.4,-197.3,287.5,90.2,caret
2023-01-10,1213.0,1807.0,-594.0,-475.0,475.0,0.0,caret
2023-01-09,750.5,1766.4,-1015.9,-710.4,710.4,0.0,caret
2023-01-06,1027.7,1917.7,-890.0,-533.3,540.1,6.9,caret
2022-12-30,647.1,2013.9,-1366.7,-497.2,531.2,34.0,caret
2022-12-29,29932.2,29660.1,272.2,599.0,0.0,599.0,caret
2022-12-28,23960.5,23776.8,183.7,202.7,9.8,212.5,caret
2022-12-27,20735.5,20815.1,-79.6,-15.4,36.7,21.3,caret
2022-12-26,12436.8,13066.2,-629.3,-87.6,87.6,0.0,caret
2022-12-23,6304.4,7669.0,-1364.6,4.8,152.6,157.3,caret
2022-12-22,2806.7,3455.4,-648.6,-265.6,271.4,5.8,caret
2022-12-21,1981.3,2919.1,-937.8,-79.5,246.4,166.9,caret
2022-12-20,1453.8,1393.3,60.6,-278.4,307.2,28.8,caret
2022-12-19,771.4,1667.8,-896.4,-18.4,18.4,0.0,caret
2022-12-16,1928.1,2412.4,-484.2,-84.9,99.3,14.4,caret
2022-12-15,1571.7,1176.4,395.3,-78.8,83.1,4.3,caret
2022-12-14,1362.5,1506.2,-143.8,-190.7,202.5,11.8,caret
2022-12-13,1599.4,1423.1,176.3,-18.0,18.0,0.0,caret
2022-12-12,1158.1,1569.7,-411.6,-30.5,66.9,36.4,caret
2022-12-09,1898.2,1511.8,386.3,-74.1,74.1,0.0,caret
2022-12-06,1101.8,1797.9,-696.1,-832.9,832.9,0.0,caret
2022-12-05,753.3,1631.3,-878.0,-1112.0,1112.0,0.0,caret
2022-12-02,1116.3,1163.8,-47.5,-393.0,393.0,0.0,caret
2022-12-01,1468.5,1844.0,-375.4,-1193.3,1193.3,0.0,caret
2022-11-30,3397.9,2643.9,754.0,-353.5,353.5,0.0,caret
2022-11-29,1684.4,1307.5,376.8,-136.2,136.2,0.0,caret
2022-11-28,1732.4,1519.8,212.5,-274.1,274.1,0.0,caret
2022-11-25,1277.9,1279.3,-1.4,-597.7,597.7,0.0,caret
2022-11-24,29782.3,29818.5,-36.2,240.4,216.9,457.4,caret
2022-11-23,24581.8,24789.2,-207.4,-36.4,63.3,26.9,caret
2022-11-22,20500.0,20636.1,-136.2,9.4,43.0,52.5,caret
2022-11-21,17337.5,17377.2,-39.7,34.7,64.1,98.8,caret
2022-11-18,6603.6,6864.0,-260.4,18.9,26.5,45.4,caret
2022-11-17,2616.4,2769.8,-153.4,-837.9,855.2,17.2,caret
2022-11-16,2712.8,1880.0,832.8,-302.5,302.5,0.0,caret
2022-11-15,1656.8,1241.3,415.5,-818.9,821.6,2.7,caret
2022-11-14,1836.7,1572.5,264.2,-801.6,801.6,0.0,caret
2022-11-11,2789.2,1885.6,903.6,-706.0,767.0,61.0,caret
2022-11-10,1791.9,2136.4,-344.6,-435.4,435.4,0.0,caret
2022-11-09,1795.5,1546.0,249.4,-1124.9,1124.9,0.0,caret
2022-11-07,1754.0,1792.4,-38.4,-112.2,112.2,0.0,caret
2022-11-04,1919.0,2027.1,-108.1,-92.7,92.7,0.0,caret
2022-11-03,780.3,1449.5,-669.2,-571.1,571.1,0.0,caret
2022-11-02,1640.0,1895.4,-255.4,-569.2,569.2,0.0,caret
2022-11-01,1903.6,2088.4,-184.8,-109.7,110.9,1.1,caret
2022-10-31,1292.4,1676.9,-384.4,-487.6,487.6,0.0,caret
2022-10-28,1600.4,1047.4,553.0,-768.8,768.8,0.0,caret
2022-10-27,24607.2,23793.0,814.2,1065.4,108.1,1173.5,caret
2022-10-25,28953.6,29862.1,-908.5,45.0,84.2,129.2,caret
2022-10-24,0.0,0.0,0.0,0.0,0.0,0.0,caret
2022-10-21,18176.7,17811.2,365.5,42.6,29.0,71.6,caret
2022-10-20,11891.7,11984.2,-92.5,-10.5,43.2,32.8,caret
2022-10-19,8383.8,7899.3,484.4,-198.4,273.7,75.3,caret
2022-10-18,8124.2,8578.8,-454.5,-347.9,464.5,116.7,caret
2022-10-17,1442.9,1870.8,-428.0,-479.1,544.8,65.8,caret
2022-10-14,1058.6,1633.0,-574.4,-422.9,450.3,27.4,caret
2022-10-13,1366.6,872.5,494.2,-343.5,365.7,22.2,caret
2022-10-12,1076.5,1400.7,-324.2,-724.8,724.8,0.0,caret
2022-10-11,1817.8,1383.4,434.4,-248.4,389.6,141.2,caret
2022-10-10,1367.7,1140.3,227.4,-548.6,548.9,0.2,caret
2022-10-07,1202.4,1269.0,-66.6,-759.7,775.4,15.7,caret
2022-10-06,1953.5,1033.8,919.7,-623.4,623.4,0.0,caret
2022-10-04,1102.1,1988.7,-886.6,-436.8,436.8,0.0,caret
2022-10-03,1965.3,760.9,1204.4,-466.6,466.6,0.0,caret
2022-09-30,1101.8,2034.6,-932.8,-1034.7,1034.7,0.0,caret
2022-09-29,27284.4,27652.0,-367.7,214.8,709.2,924.0,caret
2022-09-28,23687.2,23982.4,-295.3,1566.2,142.2,1708.3,caret
2022-09-27,20993.5,21626.7,-633.2,180.5,339.0,519.6,caret
2022-09-26,13335.9,14461.4,-1125.5,-64.5,84.7,20.2,caret
2022-09-23,4946.0,4475.1,470.9,24.4,67.9,92.2,caret
2022-09-22,1655.3,2767.2,-1111.9,-218.2,263.3,45.2,caret
2022-09-21,1731.1,1592.6,138.5,-41.7,163.5,121.8,caret
2022-09-20,2289.8,2063.8,226.0,-51.7,51.7,0.0,caret
2022-09-19,1846.6,1526.7,319.9,-164.1,235.4,71.4,caret
2022-09-16,3389.3,2683.5,705.8,-700.1,804.2,104.1,caret
2022-09-15,2337.1,1282.6,1054.5,-226.8,226.8,0.0,caret
2022-09-14,2530.8,1741.7,789.1,-258.9,258.9,0.0,caret
2022-09-13,1442.4,522.7,919.7,-370.9,370.9,0.0,caret
2022-09-12,1917.9,890.8,1027.0,-473.0,473.0,0.0,caret
2022-09-09,1809.6,1060.3,749.3,-265.5,265.5,0.0,caret
2022-09-08,2042.1,1276.8,765.3,-851.0,851.0,0.0,caret
2022-09-07,1629.2,1215.1,414.2,-963.1,963.1,0.0,caret
2022-09-06,1761.5,1646.4,115.2,-881.3,881.3,0.0,caret
2022-09-05,1353.3,1965.0,-611.6,-1320.7,1320.7,0.0,caret
2022-09-02,1609.9,1170.8,439.2,-462.7,462.7,0.0,caret
2022-09-01,1722.5,1318.8,403.7,-599.7,599.7,0.0,caret
2022-08-30,2424.0,2125.2,298.8,-947.6,947.6,0.0,caret
2022-08-29,1392.1,1678.5,-286.4,-1117.4,1117.4,0.0,caret
2022-08-26,869.8,1478.4,-608.5,-523.0,523.0,0.0,caret
2022-08-25,24207.5,23679.4,528.1,320.9,111.6,432.5,caret
2022-08-24,23379.5,23727.9,-348.4,-98.4,208.4,110.1,caret
2022-08-23,20139.0,20350.5,-211.6,-134.7,158.8,24.1,caret
2022-08-22,18811.2,18809.0,2.2,-67.8,86.4,18.6,caret
2022-08-19,8100.4,7342.2,758.2,-139.2,139.4,0.1,caret
2022-08-18,4144.9,3702.7,442.2,-162.4,162.4,0.0,caret
2022-08-17,3950.2,2892.4,1057.9,-179.6,179.6,0.0,caret
2022-08-16,2397.5,2203.7,193.8,0.0,0.0,0.0,caret
2022-08-12,2465.6,1790.8,674.7,-98.1,98.1,0.0,caret
2022-08-11,2492.4,1278.3,1214.1,-235.4,235.4,0.0,caret
2022-08-10,2429.7,922.8,1506.8,-120.8,120.8,0.0,caret
2022-08-08,1483.8,912.3,571.5,-510.6,510.6,0.0,caret
2022-08-05,1915.5,1363.9,551.6,-285.6,285.7,0.1,caret
2022-08-04,1577.6,1080.3,497.3,-907.1,907.1,0.0,caret
2022-08-03,1397.7,1571.6,-173.8,-1137.1,1137.1,0.0,caret
2022-08-02,1629.2,982.1,647.1,-1283.3,1283.3,0.0,caret
2022-08-01,1406.1,1143.4,262.7,-611.7,611.7,0.0,caret
2022-07-29,1900.0,1990.9,-90.9,-639.1,639.1,0.0,caret
2022-07-28,23604.7,22756.4,848.2,571.0,53.3,624.3,caret
2022-07-27,22777.6,23111.9,-334.2,51.5,138.5,190.0,caret
2022-07-26,21457.8,21259.6,198.2,-70.0,70.0,0.0,caret
2022-07-25,15969.7,16172.3,-202.6,41.5,125.5,167.0,caret
2022-07-22,7921.8,7683.0,238.7,-202.9,237.6,34.7,caret
2022-07-21,5769.4,5033.8,735.5,-49.3,79.6,30.3,caret
2022-07-20,4235.4,2528.4,1707.0,-285.0,303.5,18.5,caret
2022-07-19,3280.6,2181.0,1099.6,-260.5,260.5,0.0,caret
2022-07-18,2040.2,2266.7,-226.5,-140.6,172.8,32.2,caret
2022-07-15,1432.1,1843.0,-410.9,-187.9,188.2,0.3,caret
2022-07-14,1810.6,834.1,976.5,-46.4,46.4,0.0,caret
2022-07-13,1234.3,2135.9,-901.6,-102.0,137.6,35.6,caret
2022-07-12,1107.8,717.0,390.8,-137.8,137.8,0.0,caret
2022-07-11,1309.4,940.4,369.0,-647.2,647.2,0.0,caret
2022-07-08,1717.4,1440.8,276.5,-456.7,462.1,5.4,caret
2022-07-07,2035.5,1836.2,199.3,-477.8,477.8,0.0,caret
2022-07-06,2200.1,1507.6,692.4,-1258.8,1258.8,0.0,caret
2022-07-05,2884.8,657.7,2227.2,-812.2,960.7,148.4,caret
2022-07-04,2039.4,1166.9,872.5,-2026.3,2026.3,0.0,caret
2022-07-01,1095.0,2035.3,-940.3,-1153.8,1153.8,0.0,caret
2022-06-30,24811.1,24230.9,580.3,-274.2,435.8,161.6,caret
2022-06-29,23024.1,22588.5,435.7,-219.7,288.5,68.8,caret
2022-06-28,22515.1,21926.1,589.0,763.5,1.3,764.8,caret
2022-06-27,19375.4,19096.7,278.7,-187.9,187.9,0.0,caret
2022-06-24,6984.3,7421.7,-437.4,-421.7,760.7,339.1,caret
2022-06-23,5300.0,5753.0,-453.1,-13.9,13.9,0.0,caret
2022-06-22,1916.7,1333.5,583.2,-35.3,130.0,94.6,caret
2022-06-21,1683.1,1143.0,540.1,-10.5,10.5,0.0,caret
2022-06-20,1683.1,1143.0,540.1,-10.5,10.5,0.0,caret
2022-06-17,1283.6,2939.5,-1656.0,-172.8,290.0,117.2,caret
2022-06-16,2289.8,925.3,1364.4,-76.2,141.9,65.8,caret
2022-06-15,1108.1,1010.1,98.1,77.9,121.8,199.7,caret
2022-06-14,1587.4,2055.8,-468.4,429.6,244.3,673.9,caret
2022-06-13,1834.8,1556.2,278.6,-298.4,402.1,103.8,caret
2022-06-10,1082.8,1318.4,-235.6,-38.0,255.0,217.0,caret
2022-06-09,1086.4,1360.1,-273.7,-284.8,284.8,0.0,caret
2022-06-08,886.9,1554.0,-667.1,-608.5,642.7,34.2,caret
2022-06-07,1124.6,1487.9,-363.3,-654.6,654.6,0.0,caret
2022-06-06,969.2,2446.5,-1477.4,-1058.7,1058.7,0.0,caret
2022-06-03,1711.4,2334.7,-623.3,-1668.0,1711.2,43.2,caret
2022-06-02,1974.6,1460.6,514.0,-1068.9,1068.9,0.0,caret
2022-06-01,1421.9,1095.9,326.0,-1461.6,1495.7,34.1,caret
2022-05-31,3165.6,4927.2,-1761.6,-354.3,354.3,0.0,caret
2022-05-30,1549.0,2110.6,-561.6,-353.2,353.2,0.0,caret
2022-05-27,1169.6,1405.5,-235.9,-158.7,158.7,0.0,caret
2022-05-26,25901.4,26034.8,-133.4,135.6,44.7,180.3,caret
2022-05-25,24941.4,24762.5,178.9,-1.4,28.7,27.3,caret
2022-05-24,23988.5,23988.5,-0.1,-112.3,112.3,0.0,caret
2022-05-23,14769.9,14617.2,152.7,-53.2,72.6,19.4,caret
2022-05-20,5826.5,6811.2,-984.7,-270.8,297.0,26.2,caret
2022-05-19,4131.6,3769.0,362.7,-60.4,60.4,0.0,caret
2022-05-18,2417.1,1516.8,900.3,-110.0,113.8,3.8,caret
2022-05-17,2052.0,2038.3,13.7,-63.0,63.0,0.0,caret
2022-05-16,1672.5,1543.0,129.5,-37.6,37.6,0.0,caret
2022-05-13,2222.6,1984.8,237.8,26.5,5.0,31.6,caret
2022-05-12,2253.2,1163.3,1089.9,-298.3,357.8,59.5,caret
2022-05-11,1637.1,2056.2,-419.0,-218.8,278.8,60.0,caret
2022-05-10,1403.5,1669.3,-265.8,-446.8,446.8,0.0,caret
2022-05-09,1453.7,1847.8,-394.1,-724.4,724.4,0.0,caret
2022-05-06,1453.7,1847.8,-394.1,-724.4,724.4,0.0,caret
2022-05-05,1730.7,2094.3,-363.6,-869.6,908.8,39.2,caret
2022-05-04,1672.2,1792.3,-120.0,-887.5,887.5,0.0,caret
2022-05-02,1323.7,2070.0,-746.3,-987.6,987.6,0.0,caret
2022-04-29,1393.0,1948.9,-555.9,-770.3,770.3,0.0,caret
2022-04-28,26664.3,26052.5,611.8,-89.9,184.8,94.9,caret
2022-04-27,25353.1,26669.8,-1316.7,-47.9,176.1,128.2,caret
2022-04-26,23301.5,24533.6,-1232.1,-75.7,151.9,76.2,caret
2022-04-25,20530.4,20821.3,-290.9,-35.2,218.0,182.8,caret
2022-04-22,8621.1,8284.3,336.8,-121.2,158.4,37.2,caret
2022-04-21,5903.0,6207.0,-304.0,-16.4,85.4,69.0,caret
2022-04-20,2300.6,2289.1,11.4,-104.3,104.3,0.0,caret
2022-04-18,1778.3,3633.2,-1855.0,466.4,358.2,824.6,caret
2022-04-13,1290.3,1718.2,-427.9,-385.4,487.7,102.3,caret
2022-04-12,1639.2,1991.5,-352.3,-593.5,632.5,39.0,caret
2022-04-11,1790.2,1582.9,207.3,-560.2,560.2,0.0,caret
2022-04-08,1201.0,1804.1,-603.1,-1260.5,1260.5,0.0,caret
2022-04-07,1708.2,2571.6,-863.4,-458.5,458.5,0.0,caret
2022-04-06,1680.3,2206.6,-526.3,-853.6,989.0,135.4,caret
2022-04-05,1996.3,1077.1,919.2,-941.7,973.8,32.0,caret
2022-04-04,3110.4,2177.0,933.3,-1104.5,1104.5,0.0,caret
2022-04-01,1609.1,1764.1,-155.0,-1064.2,1064.2,0.0,caret
2022-03-31,0.0,0.0,0.0,0.0,0.0,0.0,caret
2022-03-30,0.0,0.0,0.0,0.0,0.0,0.0,caret
2022-03-29,0.0,0.0,0.0,0.0,0.0,0.0,caret
2022-03-28,0.0,0.0,0.0,0.0,0.0,0.0,caret
2022-03-25,0.0,0.0,0.0,0.0,0.0,0.0,caret
2022-03-24,0.0,0.0,0.0,0.0,0.0,0.0,caret
2022-03-23,5403.8,4761.2,642.6,-96.9,108.2,11.3,caret
2022-03-22,2337.6,2874.7,-537.1,-387.9,419.8,32.0,caret
2022-03-21,1557.4,2502.3,-944.9,-131.2,131.2,0.0,caret
2022-03-17,3619.1,2038.9,1580.2,-598.1,621.4,23.3,caret
2022-03-16,1066.6,1385.3,-318.7,-423.3,453.3,30.0,caret
2022-03-15,3123.2,1785.6,1337.6,-265.8,414.1,148.3,caret
2022-03-14,2147.8,1128.5,1019.3,-212.0,254.5,42.5,caret
2022-03-11,1633.3,1519.9,113.4,-607.9,614.3,6.4,caret
2022-03-10,3732.6,2158.7,1574.0,-771.6,771.6,0.0,caret
2022-03-09,3359.9,1889.1,1470.9,-169.4,169.4,0.0,caret
2022-03-08,2959.3,2778.5,180.8,-503.2,607.1,103.9,caret
2022-03-07,2759.5,3053.5,-294.0,-459.1,507.5,48.4,caret
2022-03-04,2635.4,2968.3,-332.9,-564.0,643.9,79.9,caret
2022-03-03,2547.9,3008.4,-460.4,-408.0,408.0,0.0,caret
2022-03-02,3039.8,2213.6,826.2,-706.9,706.9,0.0,caret
2022-02-28,1819.7,3356.1,-1536.4,-652.4,652.4,0.0,caret
2022-02-25,1350.8,2001.8,-651.0,-956.6,956.6,0.0,caret
2022-02-24,27780.8,25784.5,1996.3,-83.5,380.6,297.1,caret
2022-02-23,24814.6,25596.6,-782.0,144.3,153.0,297.3,caret
2022-02-22,22820.6,23087.3,-266.7,65.0,239.5,304.5,caret
2022-02-21,17240.5,17270.3,-29.8,5.2,22.0,27.1,caret
2022-02-18,9477.2,9537.7,-60.5,-16.0,16.0,0.0,caret
2022-02-17,5537.3,5262.1,275.2,-63.2,85.5,22.3,caret
2022-02-16,2347.1,2186.9,160.2,-13.4,13.4,0.0,caret
2022-02-15,2031.0,3469.3,-1438.3,-5.2,158.9,153.7,caret
2022-02-14,2369.9,1809.7,560.2,-1.1,199.8,198.7,caret
2022-02-11,2537.6,1273.8,1263.8,-18.8,20.6,1.8,caret
2022-02-10,1447.2,1631.4,-184.1,-26.4,26.4,0.0,caret
2022-02-09,1796.0,2264.9,-468.9,0.6,58.7,59.3,caret
2022-02-08,1739.1,2166.8,-427.7,-109.0,109.0,0.0,caret
2022-02-07,2071.4,1757.8,313.6,-157.1,157.1,0.0,caret
2022-02-04,2054.8,1972.7,82.1,-233.2,233.2,0.0,caret
2022-02-03,2153.4,1371.4,782.0,-179.7,179.7,0.0,caret
2022-02-02,2619.0,1993.9,625.0,-752.4,752.4,0.0,caret
2022-02-01,1790.1,1635.4,154.8,-1746.9,1746.9,0.0,caret
2022-01-31,1302.6,1630.4,-327.9,-1718.8,1718.8,0.0,caret
2022-01-28,1437.2,2870.0,-1432.8,-1209.1,1209.1,0.0,caret
2022-01-27,0.0,0.0,0.0,0.0,0.0,0.0,caret
2022-01-25,33910.9,34369.2,-458.3,554.6,472.3,1026.9,caret
2022-01-24,23921.0,24224.8,-303.8,344.8,646.7,991.6,caret
2022-01-21,14919.5,14165.0,754.5,14.3,5.5,19.8,caret
2022-01-20,5885.4,6911.9,-1026.5,-60.8,129.2,68.4,caret
2022-01-19,5778.2,7402.5,-1624.3,-79.0,80.0,1.0,caret
2022-01-18,3232.7,2475.8,756.9,-124.2,124.2,0.0,caret
2022-01-17,2187.1,1682.8,504.3,-424.8,424.8,0.0,caret
2022-01-14,1014.4,1461.2,-446.7,-173.9,177.4,3.5,caret
2022-01-13,2322.4,1808.2,514.2,-122.0,143.8,21.8,caret
2022-01-12,1816.7,1633.7,183.0,-486.4,486.4,0.0,caret
2022-01-11,1740.7,1072.0,668.7,-184.3,184.3,0.0,caret
2022-01-10,1994.4,1703.9,290.5,-337.7,337.7,0.0,caret
2022-01-07,1903.8,1651.4,252.4,-676.3,676.3,0.0,caret
2022-01-06,1589.9,1777.4,-187.6,-361.2,361.2,0.0,caret
2022-01-05,1930.4,1813.2,117.2,-1011.5,1011.5,0.0,caret
2022-01-04,1758.0,1100.8,657.1,-1204.5,1204.5,0.0,caret
2022-01-03,1365.4,1225.7,139.7,-1556.4,1556.4,0.0,caret
2021-12-31,841.8,2076.6,-1234.8,-835.4,835.4,0.0,caret
2021-12-30,26612.0,26477.2,134.8,143.8,0.0,143.8,caret
2021-12-29,26117.1,26281.0,-163.9,32.4,29.8,62.2,caret
2021-12-28,23536.1,22972.0,564.1,20.8,0.0,20.8,caret
2021-12-27,17920.2,18077.9,-157.7,-91.4,91.4,0.0,caret
2021-12-24,8113.1,7776.5,336.6,-58.9,58.9,0.0,caret
2021-12-23,5405.8,4964.2,441.6,-261.3,261.3,0.0,caret
2021-12-22,6001.3,5914.3,87.0,0.0,0.0,0.0,caret
2021-12-21,2366.6,2232.0,134.6,-74.1,74.1,0.0,caret
2021-12-20,2463.1,2463.9,-0.8,-63.5,63.5,0.0,caret
2021-12-17,2896.6,1735.5,1161.0,-333.7,333.7,0.0,caret
2021-12-16,936.1,1406.2,-470.1,-137.2,137.2,0.0,caret
2021-12-15,1088.8,909.9,179.0,-232.4,232.4,0.0,caret
2021-12-14,1692.4,958.3,734.1,-590.4,590.4,0.0,caret
2021-12-13,1473.6,1157.6,316.0,-409.0,409.0,0.0,caret
2021-12-10,0.0,0.0,0.0,0.0,0.0,0.0,caret
2021-12-09,1791.9,1363.3,428.6,-220.0,251.8,31.9,caret
2021-12-08,2667.2,1693.2,974.0,-366.3,366.3,0.0,caret
2021-12-07,1718.2,2044.6,-326.4,-782.4,782.4,0.0,caret
2021-12-06,1212.3,1137.9,74.4,-311.2,311.2,0.0,caret
2021-12-03,1623.6,1736.6,-113.0,-284.6,284.6,0.0,caret
2021-12-02,1372.7,1455.9,-83.2,-322.0,322.0,0.0,caret
2021-12-01,902.3,2118.9,-1216.6,-389.6,389.6,0.0,caret
2021-11-30,1205.6,4365.6,-3160.0,-171.5,171.5,0.0,caret
2021-11-29,1026.9,2514.2,-1487.3,-198.7,198.7,0.0,caret
2021-11-26,1355.5,2081.4,-726.0,-325.4,325.4,0.0,caret
2021-11-25,30447.8,30292.8,155.0,120.4,31.0,151.5,caret
2021-11-24,27037.3,27741.3,-704.0,-17.9,46.2,28.3,caret
2021-11-23,24840.8,24012.8,828.0,0.0,0.0,0.0,caret
2021-11-22,20136.1,20689.7,-553.6,116.5,0.0,116.5,caret
2021-11-18,12209.8,12367.4,-157.6,0.0,0.0,0.0,caret
2021-11-17,4034.0,3886.0,148.0,-14.7,40.9,26.2,caret
2021-11-16,3304.3,3046.7,257.6,-51.8,51.8,0.0,caret
2021-11-15,2094.8,1968.4,126.4,-714.9,714.9,0.0,caret
2021-11-12,1796.7,2200.3,-403.6,-191.1,191.1,0.0,caret
2021-11-11,1923.1,1541.9,381.2,-580.3,580.3,0.0,caret
2021-11-10,2323.8,1816.5,507.2,-909.7,909.7,0.0,caret
2021-11-09,1719.3,1799.4,-80.1,-1491.4,1491.4,0.0,caret
2021-11-08,1767.9,2491.4,-723.5,-887.2,887.2,0.0,caret
2021-11-04,0.0,0.0,0.0,0.0,0.0,0.0,caret
2021-11-03,1733.4,1665.9,67.4,-1120.0,1120.0,0.0,caret
2021-11-02,1900.1,1645.8,254.3,-993.4,993.4,0.0,caret
2021-11-01,1072.2,1862.9,-790.7,-569.2,569.2,0.0,caret
2021-10-29,847.1,3587.6,-2740.5,-696.6,696.6,0.0,caret
2021-10-28,24013.6,23282.4,731.2,257.2,41.6,298.8,caret
2021-10-27,28159.6,27814.4,345.3,62.3,16.8,79.1,caret
2021-10-26,24003.4,24737.7,-734.3,-104.0,167.1,63.1,caret
2021-10-25,19175.2,19374.9,-199.8,67.5,250.2,317.7,caret
2021-10-22,10652.6,10915.0,-262.5,21.2,4.6,25.8,caret
2021-10-21,8028.0,9070.9,-1042.9,-99.8,99.8,0.0,caret
2021-10-20,3476.7,4525.4,-1048.7,-845.1,851.6,6.5,caret
2021-10-19,4245.3,2934.6,1310.7,-146.8,189.0,42.2,caret
2021-10-18,4137.2,2881.1,1256.1,3.7,51.0,54.7,caret
2021-10-15,0.0,0.0,0.0,0.0,0.0,0.0,caret
2021-10-14,3045.6,2473.8,571.8,-62.2,62.2,0.0,caret
2021-10-13,3212.7,2792.0,420.8,-371.8,371.8,0.0,caret
2021-10-12,1976.2,1574.6,401.6,-873.8,873.8,0.0,caret
2021-10-11,1708.8,1974.0,-265.2,-655.5,665.1,9.6,caret
2021-10-08,1861.9,1792.2,69.7,-1011.2,1011.2,0.0,caret
2021-10-07,1387.0,2434.2,-1047.2,-870.9,870.9,0.0,caret
2021-10-06,2703.6,865.6,1838.0,-1232.6,1232.6,0.0,caret
2021-10-05,2052.4,1990.0,62.4,-1020.7,1020.7,0.0,caret
2021-10-04,1696.6,1890.6,-194.0,-1048.4,1048.4,0.0,caret
2021-10-01,1665.9,2101.8,-435.8,-502.0,502.0,0.0,caret
2021-09-30,24428.0,24088.2,339.8,264.1,118.9,383.0,caret
2021-09-29,24004.5,25389.4,-1384.9,45.5,110.7,156.2,caret
2021-09-28,22079.1,23327.7,-1248.5,389.8,30.6,420.4,caret
2021-09-27,15676.2,16577.6,-901.4,300.8,0.0,300.8,caret
2021-09-24,9407.8,8700.2,707.5,-7.8,7.8,0.0,caret
2021-09-23,5695.3,5447.2,248.1,-149.5,149.5,0.0,caret
2021-09-22,5984.3,7110.0,-1125.7,-11.6,81.4,69.8,caret
2021-09-21,2544.1,4143.6,-1599.5,-17.0,17.0,0.0,caret
2021-09-20,3515.1,2755.8,759.3,30.0,0.0,30.0,caret
2021-09-17,3450.6,3375.2,75.3,0.0,0.0,0.0,caret
2021-09-16,2778.7,1508.9,1269.9,-133.7,133.7,0.0,caret
2021-09-15,2801.2,1884.9,916.3,-260.0,260.7,0.7,caret
2021-09-14,2514.9,1992.5,522.4,-29.9,29.9,0.0,caret
2021-09-13,1418.0,1124.6,293.4,-62.1,62.1,0.0,caret
2021-09-09,1706.8,1284.4,422.3,-334.2,334.2,0.0,caret
2021-09-08,1113.7,1186.9,-73.2,-206.6,206.6,0.0,caret
2021-09-07,1078.7,957.6,121.2,-307.7,307.7,0.0,caret
2021-09-06,1225.4,1912.4,-687.0,-404.0,404.0,0.0,caret
2021-09-03,1411.9,1770.3,-358.4,-1384.2,1384.2,0.0,caret
2021-09-02,1464.4,2253.7,-789.3,-920.1,920.1,0.0,caret
2021-09-01,1942.7,1722.1,220.6,-1961.9,1961.9,0.0,caret
2021-08-31,2368.9,1694.1,674.8,-751.7,751.7,0.0,caret
2021-08-30,1228.8,1852.9,-624.1,-595.6,595.6,0.0,caret
2021-08-27,798.1,1640.1,-842.0,-853.0,853.0,0.0,caret
2021-08-26,20840.8,20827.5,13.4,-154.3,262.8,108.5,caret
2021-08-25,18459.3,18995.8,-536.5,278.2,126.2,404.3,caret
2021-08-24,20748.3,22009.9,-1261.7,11.6,18.2,29.8,caret
2021-08-23,17639.8,18327.8,-688.0,13.2,0.0,13.2,caret
2021-08-20,8665.3,9199.7,-534.3,67.8,0.0,67.8,caret
2021-08-18,3772.1,4862.9,-1090.9,-211.2,211.2,0.0,caret
2021-08-17,6260.3,5983.5,276.8,-208.6,208.6,0.0,caret
2021-08-16,3154.4,3048.3,106.2,-179.8,244.3,64.5,caret
2021-08-13,1746.8,1301.7,445.1,-283.0,302.7,19.7,caret
2021-08-12,1642.8,1596.7,46.1,-49.7,69.5,19.8,caret
2021-08-11,1268.8,2371.6,-1102.8,-226.3,226.3,0.0,caret
2021-08-10,1582.7,1135.1,447.6,-477.3,477.3,0.0,caret
2021-08-09,1732.5,1057.1,675.4,-951.2,951.2,0.0,caret
2021-08-06,1839.7,2101.2,-261.4,-1244.3,1244.3,0.0,caret
2021-08-05,2104.0,2552.9,-448.8,-2031.8,2031.8,0.0,caret
2021-08-04,3200.7,1829.8,1370.9,-537.6,537.6,0.0,caret
2021-08-03,2976.5,1063.3,1913.2,-702.6,702.6,0.0,caret
2021-08-02,1226.4,1793.2,-566.7,-560.3,560.3,0.0,caret
2021-07-30,1549.1,2480.2,-931.1,-557.0,557.0,0.0,caret
2021-07-29,20641.3,21111.4,-470.1,414.0,485.8,899.8,caret
2021-07-28,19932.2,21418.3,-1486.0,424.7,217.1,641.7,caret
2021-07-27,19107.8,19219.3,-111.5,-3.1,52.8,49.8,caret
2021-07-26,16977.1,17058.8,-81.7,-92.1,139.1,47.0,caret
2021-07-23,9161.8,8832.3,329.5,-13.4,13.4,0.0,caret
2021-07-22,4534.9,5091.2,-556.3,-101.0,101.0,0.0,caret
2021-07-20,2323.3,3052.8,-729.5,-86.2,131.4,45.2,caret
2021-07-19,3017.9,3342.0,-324.1,-166.5,166.5,0.0,caret
2021-07-16,1255.3,1923.3,-668.0,-171.1,171.1,0.0,caret
2021-07-15,885.2,897.6,-12.4,-88.9,88.9,0.0,caret
2021-07-14,719.0,794.4,-75.4,-171.5,171.5,0.0,caret
2021-07-13,1250.4,1143.3,107.0,-156.4,156.4,0.0,caret
2021-07-12,847.9,756.0,91.9,-64.7,64.7,0.0,caret
2021-07-09,625.3,1468.1,-842.7,-385.5,385.5,0.0,caret
2021-07-08,1064.2,647.4,416.8,-283.4,283.4,0.0,caret
2021-07-07,834.2,1272.0,-437.8,-323.7,323.7,0.0,caret
2021-07-06,1743.0,1460.2,282.8,-123.3,123.3,0.0,caret
2021-07-05,941.9,1654.4,-712.4,-304.6,304.6,0.0,caret
2021-07-02,723.6,1115.2,-391.6,-185.2,185.2,0.0,caret
2021-07-01,635.7,1030.7,-395.0,-784.6,784.6,0.0,caret
2021-06-30,884.4,1345.1,-460.8,-688.8,688.8,0.0,caret
2021-06-29,1168.2,2227.1,-1059.0,-811.5,811.5,0.0,caret
2021-06-28,680.1,1371.3,-691.2,-1010.4,1010.4,0.0,caret
2021-06-25,1241.8,2274.5,-1032.7,-968.5,968.5,0.0,caret
2021-06-24,20795.1,21930.1,-1134.9,626.2,31.5,657.8,caret
2021-06-23,21345.6,22315.4,-969.8,193.7,20.3,214.0,caret
2021-06-22,17492.0,17289.8,202.2,-0.9,0.9,0.0,caret
2021-06-21,11077.8,11696.4,-618.6,189.8,0.0,189.8,caret
2021-06-18,5903.4,6423.6,-520.2,9.7,1.0,10.7,caret
2021-06-17,3984.8,4449.4,-464.6,-31.3,47.2,15.9,caret
2021-06-16,1857.2,2403.5,-546.3,-185.9,185.9,0.0,caret
2021-06-15,3255.4,3132.2,123.2,-28.9,28.9,0.0,caret
2021-06-14,1253.0,1187.9,65.1,-246.7,246.7,0.0,caret
2021-06-11,1396.4,1177.9,218.5,-299.9,299.9,0.0,caret
2021-06-10,1564.7,1263.1,301.6,-269.4,269.4,0.0,caret
2021-06-09,1704.2,1504.1,200.1,-347.6,347.6,0.0,caret
2021-06-08,1025.2,639.7,385.4,-505.4,505.4,0.0,caret
2021-06-07,1012.8,756.4,256.4,-856.0,867.2,11.2,caret
2021-06-04,1024.6,800.1,224.4,-228.6,228.6,0.0,caret
2021-06-03,828.8,595.6,233.2,-402.4,402.4,0.0,caret
2021-06-02,856.6,1010.7,-154.1,-388.8,388.8,0.0,caret
2021-06-01,0.0,0.0,0.0,-1093.8,1093.8,0.0,caret
2021-05-31,1463.3,1418.4,44.9,-928.6,928.6,0.0,caret
2021-05-28,1521.6,1787.4,-265.8,-575.6,575.6,0.0,caret
2021-05-27,17974.2,19408.6,-1434.4,594.4,239.7,834.0,caret
2021-05-26,17340.4,17800.7,-460.4,1260.5,25.7,1286.2,caret
2021-05-25,17471.2,17540.3,-69.1,212.4,12.2,224.6,caret
2021-05-24,15882.7,15947.0,-64.4,-105.3,105.3,0.0,caret
2021-05-21,6885.3,6963.8,-78.4,-80.7,80.7,0.0,caret
2021-05-20,5650.9,5614.4,36.5,-157.8,281.4,123.6,caret
2021-05-19,2148.3,1818.8,329.5,-107.8,107.8,0.0,caret
2021-05-18,1784.2,1895.2,-111.0,-585.0,587.5,2.5,caret
2021-05-17,1954.5,2641.6,-687.1,-108.2,145.4,37.2,caret
2021-05-14,1832.8,2311.2,-478.4,-392.4,392.4,0.0,caret
2021-05-12,1711.6,1394.6,317.1,-91.3,91.3,0.0,caret
2021-05-11,1788.8,1447.3,341.5,-102.9,102.9,0.0,caret
2021-05-10,1692.4,1222.4,470.1,-214.1,214.1,0.0,caret
2021-05-07,1060.4,790.6,269.8,-113.7,113.7,0.0,caret
2021-05-06,1711.2,756.0,955.2,-427.9,427.9,0.0,caret
2021-05-05,1080.9,1418.3,-337.3,-149.8,149.8,0.0,caret
2021-05-04,748.6,891.2,-142.5,-421.5,421.5,0.0,caret
2021-05-03,377.9,1129.9,-752.0,-515.8,544.1,28.2,caret
2021-04-30,0.0,0.0,0.0,0.0,0.0,0.0,caret
2021-04-29,16434.9,16061.8,373.1,344.2,102.3,446.5,caret
2021-04-28,16182.3,15769.0,413.2,18.7,189.9,208.6,caret
2021-04-27,16272.5,16416.0,-143.5,287.8,9.7,297.4,caret
2021-04-26,14374.2,14832.8,-458.6,5.2,57.9,63.1,caret
2021-04-23,6772.8,7199.7,-426.8,-3.0,3.0,0.0,caret
2021-04-22,6914.6,6855.6,58.9,-15.6,15.6,0.0,caret
2021-04-20,1906.4,2135.8,-229.4,27.6,0.0,27.6,caret
2021-04-19,1167.5,1595.2,-427.6,-37.3,46.0,8.7,caret
2021-04-16,2467.5,2761.8,-294.3,-489.9,519.0,29.1,caret
2021-04-15,1725.2,1640.9,84.3,-146.0,154.7,8.7,caret
2021-04-13,1019.7,1592.3,-572.6,143.3,36.4,179.7,caret
2021-04-12,1898.8,1539.2,359.6,-37.7,37.7,0.0,caret
2021-04-09,1524.1,1732.5,-208.4,-130.4,148.5,18.1,caret
2021-04-08,1241.5,1084.2,157.3,-546.2,559.8,13.6,caret
2021-04-07,1256.6,1260.7,-4.0,-417.9,417.9,0.0,caret
2021-04-06,739.8,1022.5,-282.7,-40.6,40.6,0.0,caret
2021-04-05,1575.1,843.0,732.1,-337.0,337.0,0.0,caret
2021-04-01,647.0,1017.8,-370.7,-974.8,974.8,0.0,caret
2021-03-31,667.4,1127.2,-459.8,-95.5,95.5,0.0,caret
2021-03-30,1240.9,2050.2,-809.4,-122.6,122.6,0.0,caret
2021-03-26,327.5,1490.6,-1163.1,-76.7,76.7,0.0,caret
2021-03-25,17249.6,18474.0,-1224.3,0.0,0.0,0.0,caret
2021-03-24,15436.3,15426.6,9.7,0.0,0.0,0.0,caret
2021-03-23,14997.3,15205.3,-208.0,0.0,0.0,0.0,caret
2021-03-22,14041.9,14518.3,-476.4,-0.1,0.1,0.0,caret
2021-03-19,5619.2,5825.0,-205.9,-42.6,46.1,3.4,caret
2021-03-18,2818.1,2803.2,14.9,-10.5,10.5,0.0,caret
2021-03-17,0.0,0.0,0.0,0.0,0.0,0.0,caret
2021-03-16,1336.0,1722.8,-386.8,-79.6,79.6,0.0,caret
2021-03-15,1082.3,1580.2,-498.0,-6.5,65.0,58.5,caret
2021-03-12,1267.3,892.6,374.7,0.0,0.0,0.0,caret
2021-03-10,658.6,960.4,-301.7,11.2,0.0,11.2,caret
2021-03-09,1082.2,1826.2,-744.0,51.2,26.9,78.1,caret
2021-03-08,1051.9,1250.6,-198.7,-54.3,54.3,0.0,caret
2021-03-05,1643.5,1243.9,399.6,-52.6,52.6,0.0,caret
2021-03-04,1970.0,1239.4,730.7,-166.5,166.5,0.0,caret
2021-03-03,1440.2,1116.8,323.4,-120.2,135.7,15.5,caret
2021-03-01,1160.6,1387.8,-227.1,-133.4,149.2,15.8,caret
2021-02-26,1046.0,2196.9,-1151.0,-547.7,547.7,0.0,caret
2021-02-25,16203.6,16284.7,-81.0,-56.0,56.0,0.0,caret
2021-02-24,11655.2,11921.2,-266.0,-18.2,18.2,0.0,caret
2021-02-23,14224.9,14863.3,-638.4,0.0,0.0,0.0,caret
2021-02-22,12700.6,13324.7,-624.1,0.0,0.0,0.0,caret
2021-02-18,4542.0,4412.9,129.2,0.0,0.0,0.0,caret
2021-02-17,2493.7,2452.9,40.8,0.0,0.0,0.0,caret
2021-02-16,1186.3,1724.8,-538.5,0.0,0.0,0.0,caret
2021-02-15,977.7,1243.3,-265.6,-47.2,47.2,0.0,caret
2021-02-12,1348.4,1281.9,66.6,-60.8,60.8,0.0,caret
2021-02-11,1272.7,1149.5,123.2,-170.5,170.5,0.0,caret
2021-02-10,1348.3,1688.2,-339.9,0.0,0.0,0.0,caret
2021-02-09,1249.0,1325.8,-76.8,-17.8,17.8,0.0,caret
2021-02-08,1043.3,1599.1,-555.8,-87.4,87.4,0.0,caret
2021-02-05,1858.8,1502.6,356.1,-53.0,57.8,4.8,caret
2021-02-04,1564.4,1269.1,295.3,-100.3,106.5,6.2,caret
2021-02-03,1871.0,1162.2,708.8,-71.7,71.7,0.0,caret
2021-02-02,2078.9,1118.4,960.5,-55.1,60.2,5.1,caret
2021-02-01,1657.0,1119.8,537.2,-55.6,55.6,0.0,caret
2021-01-29,748.0,2162.7,-1414.7,0.0,0.0,0.0,caret
2021-01-28,14368.8,15377.0,-1008.2,0.0,0.0,0.0,caret
2021-01-27,18590.6,20130.9,-1540.2,-4.1,4.1,0.0,caret
2021-01-25,13728.7,14432.0,-703.3,-4.8,4.8,0.0,caret
2021-01-22,8948.2,9081.9,-133.7,-54.7,54.7,0.0,caret
2021-01-21,4058.3,3863.8,194.5,-6.7,6.7,0.0,caret
2021-01-20,1139.9,1092.2,47.7,0.0,0.0,0.0,caret
2021-01-19,487.7,1670.1,-1182.4,0.0,0.0,0.0,caret
2021-01-18,1044.8,1707.6,-662.7,0.0,0.0,0.0,caret
2021-01-15,1380.3,1630.5,-250.2,-24.0,24.0,0.0,caret
2021-01-14,1207.1,1730.8,-523.7,-30.2,30.2,0.0,caret
2021-01-13,821.6,1152.6,-331.0,0.0,0.0,0.0,caret
2021-01-12,364.8,1430.5,-1065.8,-22.4,22.4,0.0,caret
2021-01-11,1779.9,859.3,920.6,-3.1,3.1,0.0,caret
2021-01-08,1604.3,900.7,703.5,-38.3,42.5,4.2,caret
2021-01-07,932.0,1111.1,-179.1,-19.0,19.0,0.0,caret
2021-01-06,922.3,1300.9,-378.6,-18.0,18.0,0.0,caret
2021-01-05,1185.5,813.9,371.6,-11.8,11.8,0.0,caret
2021-01-04,12443.4,11662.2,781.2,-82.4,6303.9,6221.4,caret
2021-01-01,344.4,849.5,-505.0,0.0,0.0,0.0,caret
2020-12-31,11590.3,12251.4,-661.2,-6.5,10.3,3.8,caret
2020-12-30,12971.9,13649.7,-677.8,-5.3,5.3,0.0,caret
2020-12-29,10835.5,10565.4,270.1,0.0,0.0,0.0,caret
2020-12-28,10014.5,10044.1,-29.6,0.0,0.0,0.0,caret
2020-12-24,4598.6,4163.7,434.9,0.0,0.0,0.0,caret
2020-12-23,3957.4,4187.3,-229.9,0.0,0.0,0.0,caret
2020-12-22,1654.6,2487.1,-832.4,0.0,0.0,0.0,caret
2020-12-21,1532.3,1802.0,-269.7,0.0,0.0,0.0,caret
2020-12-18,1279.5,1142.5,137.0,-4.2,4.2,0.0,caret
2020-12-17,1339.1,925.0,414.1,0.0,0.0,0.0,caret
2020-12-16,907.7,747.3,160.4,4.2,0.0,4.2,caret
2020-12-15,886.2,1075.6,-189.4,0.2,0.0,0.2,caret
2020-12-14,1079.3,965.4,113.8,-17.4,23.7,6.3,caret
2020-12-11,1544.8,954.8,590.1,-3.8,3.8,0.0,caret
2020-12-10,893.0,1332.9,-439.9,0.0,0.0,0.0,caret
2020-12-09,1067.7,721.8,345.9,25.2,2.2,27.4,caret
2020-12-08,1434.7,888.9,545.8,-22.0,22.0,0.0,caret
2020-12-07,1491.3,953.6,537.7,-62.1,62.1,0.0,caret
2020-12-04,1262.2,802.4,459.8,-49.6,49.6,0.0,caret
2020-12-03,1085.8,1202.6,-116.8,-75.6,75.6,0.0,caret
2020-12-02,617.0,627.2,-10.2,-32.6,32.6,0.0,caret
2020-12-01,970.3,741.1,229.2,0.0,0.0,0.0,caret
2020-11-27,1620.6,1737.4,-116.8,0.0,0.0,0.0,caret
2020-11-26,8707.6,9352.8,-645.2,22.9,0.0,22.9,caret
2020-11-25,13546.9,13776.5,-229.6,44.3,0.0,44.3,caret
2020-11-24,14804.6,14684.1,120.5,0.0,0.0,0.0,caret
2020-11-23,11373.4,11298.3,75.1,0.0,0.0,0.0,caret
2020-11-20,6777.1,6526.0,251.1,0.0,0.0,0.0,caret
2020-11-19,1807.0,1396.2,410.7,0.0,0.0,0.0,caret
2020-11-18,1031.4,1089.3,-57.9,0.0,0.0,0.0,caret
2020-11-17,1376.7,1016.4,360.3,0.0,0.0,0.0,caret
2020-11-14,18.4,0.0,18.4,0.0,0.0,0.0,caret
2020-11-13,602.1,682.0,-79.9,0.0,0.0,0.0,caret
2020-11-12,922.6,1056.6,-133.9,-68.5,68.5,0.0,caret
2020-11-11,1414.3,1045.8,368.5,-77.0,77.0,0.0,caret
2020-11-10,1601.0,1111.8,489.2,-53.3,53.3,0.0,caret
2020-11-09,1181.8,880.3,301.5,-41.9,41.9,0.0,caret
2020-11-06,1415.6,517.7,897.8,0.0,0.0,0.0,caret
2020-11-05,1073.0,665.5,407.5,-34.4,34.4,0.0,caret
2020-11-04,989.2,804.4,184.8,-21.0,21.0,0.0,caret
2020-11-03,1196.0,831.1,364.8,-23.2,23.2,0.0,caret
2020-11-02,873.9,916.2,-42.3,-22.6,22.6,0.0,caret
2020-10-29,9714.4,10301.0,-586.6,0.0,0.0,0.0,caret
2020-10-28,13262.6,13359.3,-96.7,18.1,0.0,18.1,caret
2020-10-27,11732.6,11281.2,451.4,0.0,0.0,0.0,caret
2020-10-23,5262.4,5241.1,21.3,0.0,0.0,0.0,caret
2020-10-22,2182.0,2320.4,-138.4,0.0,0.0,0.0,caret
2020-10-21,1105.4,1041.5,64.0,-26.8,26.8,0.0,caret
2020-10-20,623.0,631.0,-8.0,-15.0,15.0,0.0,caret
2020-10-19,532.3,784.8,-252.5,-10.8,10.8,0.0,caret
2020-10-16,354.1,688.6,-334.5,0.0,0.0,0.0,caret
2020-10-15,771.0,611.3,159.7,0.0,0.0,0.0,caret
2020-10-14,808.6,747.8,60.9,0.0,0.0,0.0,caret
2020-10-13,575.9,649.8,-74.0,0.0,0.0,0.0,caret
2020-10-12,467.0,356.4,110.7,0.0,0.0,0.0,caret
2020-10-09,576.2,559.4,16.8,0.0,0.0,0.0,caret
2020-10-08,839.4,458.3,381.1,0.0,0.0,0.0,caret
2020-10-07,926.4,526.6,399.8,0.0,0.0,0.0,caret
2020-10-06,662.5,295.2,367.3,-21.5,21.5,0.0,caret
2020-10-05,566.9,389.0,177.8,0.0,0.0,0.0,caret
2020-10-01,754.2,366.1,388.2,-5.0,5.0,0.0,caret
2020-09-30,491.0,730.3,-239.3,0.0,0.0,0.0,caret
2020-09-29,555.4,544.6,10.8,0.0,0.0,0.0,caret
2020-09-28,229.2,631.7,-402.6,0.0,0.0,0.0,caret
2020-09-25,342.2,1030.2,-688.0,0.0,0.0,0.0,caret
2020-09-24,10464.7,11073.1,-608.4,48.1,5.6,53.6,caret
2020-09-23,11776.6,12882.1,-1105.5,8.9,0.0,8.9,caret
2020-09-22,10813.8,11884.7,-1070.8,44.8,0.0,44.8,caret
2020-09-21,7931.7,7913.4,18.3,-6.3,11.9,5.6,caret
2020-09-18,4999.0,4731.1,268.0,-14.8,33.1,18.3,caret
2020-09-17,2551.7,2051.2,500.4,0.0,0.0,0.0,caret
2020-09-16,1305.8,1139.3,166.5,5.2,0.0,5.2,caret
2020-09-15,1469.5,1272.1,197.4,19.3,0.0,19.3,caret
2020-09-14,1277.6,1086.6,191.0,12.2,24.3,36.6,caret
2020-09-11,833.7,687.1,146.6,-23.6,23.6,0.0,caret
2020-09-10,1231.2,673.6,557.7,9.3,2.8,12.1,caret
2020-09-09,335.5,1407.4,-1071.9,0.0,0.0,0.0,caret
2020-09-08,830.1,662.9,167.2,-49.2,49.2,0.0,caret
2020-09-07,515.5,621.5,-106.0,0.0,0.0,0.0,caret
2020-09-04,750.0,777.6,-27.6,0.0,0.0,0.0,caret
2020-09-03,796.8,432.2,364.6,-27.1,27.1,0.0,caret
2020-09-02,554.8,536.1,18.7,0.0,0.0,0.0,caret
2020-09-01,791.8,778.9,12.9,-45.3,45.3,0.0,caret
2020-08-31,1092.2,2154.9,-1062.7,-90.5,90.5,0.0,caret
2020-08-28,1212.0,1071.4,140.6,-27.2,27.2,0.0,caret
2020-08-27,8250.8,7985.3,265.6,-2.9,5.7,2.8,caret
2020-08-26,10298.0,10152.4,145.6,-12.9,12.9,0.0,caret
2020-08-25,13115.7,13134.8,-19.1,5.4,0.0,5.4,caret
2020-08-24,11244.2,11291.7,-47.5,0.0,0.0,0.0,caret
2020-08-21,4575.2,4372.0,203.1,0.0,0.0,0.0,caret
2020-08-20,2988.2,2838.5,149.7,0.0,0.0,0.0,caret
2020-08-19,1555.8,1165.3,390.5,0.0,0.0,0.0,caret
2020-08-18,1046.7,890.9,155.8,0.0,0.0,0.0,caret
2020-08-17,742.2,971.0,-228.8,0.0,0.0,0.0,caret
2020-08-14,954.3,656.3,298.0,-24.4,24.4,0.0,caret
2020-08-13,1046.1,717.8,328.3,-106.2,106.2,0.0,caret
2020-08-12,772.7,569.0,203.7,-28.1,28.1,0.0,caret
2020-08-11,689.3,331.2,358.0,-15.7,15.7,0.0,caret
2020-08-10,795.7,365.3,430.4,-66.1,66.1,0.0,caret
2020-08-07,780.1,636.2,143.8,-5.3,5.3,0.0,caret
2020-08-06,800.8,399.4,401.4,-72.1,72.1,0.0,caret
2020-08-05,758.9,818.0,-59.1,-75.0,75.0,0.0,caret
2020-08-04,691.8,581.0,110.8,-63.8,63.8,0.0,caret
2020-08-03,726.8,1191.5,-464.8,-103.5,103.5,0.0,caret
2020-07-31,994.7,1408.8,-414.1,-79.0,79.0,0.0,caret
2020-07-30,8563.5,8470.3,93.3,-3.6,5.3,1.8,caret
2020-07-29,13200.9,13511.7,-310.8,0.3,0.0,0.3,caret
2020-07-28,12726.2,13097.2,-371.0,3.3,0.0,3.3,caret
2020-07-27,9689.6,10174.0,-484.3,65.8,0.0,65.8,caret
2020-07-24,4352.4,3988.0,364.3,0.0,0.0,0.0,caret
2020-07-23,2680.6,2228.0,452.6,-2.8,2.8,0.0,caret
2020-07-22,1821.8,1200.7,621.2,0.0,0.0,0.0,caret
2020-07-21,1096.7,978.3,118.3,-2.8,2.8,0.0,caret
2020-07-20,1169.2,647.9,521.3,-9.7,9.7,0.0,caret
2020-07-17,958.4,1125.1,-166.7,2.4,0.0,2.4,caret
2020-07-16,909.5,945.2,-35.7,-5.4,5.4,0.0,caret
2020-07-15,1280.6,1025.2,255.4,5.5,0.0,5.5,caret
2020-07-14,726.6,1074.9,-348.4,-33.1,36.1,3.0,caret
2020-07-13,756.1,835.0,-78.9,-22.3,22.3,0.0,caret
2020-07-09,674.4,731.5,-57.1,-28.2,28.2,0.0,caret
2020-07-08,833.2,791.7,41.5,-134.1,134.1,0.0,caret
2020-07-07,1204.0,672.3,531.7,-13.4,13.4,0.0,caret
2020-07-06,925.6,778.0,147.5,0.0,0.0,0.0,caret
2020-07-03,1289.5,674.3,615.2,-114.6,114.6,0.0,caret
2020-07-02,1294.4,794.8,499.6,-39.9,39.9,0.0,caret
2020-07-01,661.8,894.4,-232.6,-55.7,55.7,0.0,caret
2020-06-30,669.0,1687.3,-1018.3,0.0,0.0,0.0,caret
2020-06-29,754.0,1882.5,-1128.5,-91.1,91.1,0.0,caret
2020-06-26,1236.6,1305.4,-68.8,-108.2,108.2,0.0,caret
2020-06-25,0.0,0.0,0.0,0.0,0.0,0.0,caret
2020-06-24,12802.1,13114.9,-312.8,2.8,0.0,2.8,caret
2020-06-23,12555.8,12751.2,-195.4,-1.1,13.2,12.0,caret
2020-06-22,9714.2,9687.0,27.2,-18.9,24.3,5.4,caret
2020-06-19,5881.6,6089.8,-208.2,1.0,11.4,12.4,caret
2020-06-18,2172.3,2468.4,-296.1,-24.9,28.9,4.0,caret
2020-06-17,1440.5,1537.9,-97.4,-17.2,28.4,11.2,caret
2020-06-16,686.6,902.1,-215.5,-69.0,73.9,4.9,caret
2020-06-15,1139.1,907.8,231.4,-2.7,5.8,3.1,caret
2020-06-12,950.3,1530.5,-580.2,-0.4,10.0,9.6,caret
2020-06-11,1201.8,1005.7,196.1,-9.2,17.4,8.3,caret
2020-06-10,458.1,1096.5,-638.4,-19.2,19.9,0.6,caret
2020-06-09,1344.4,1106.4,238.0,-49.0,49.0,0.0,caret
2020-06-08,1665.3,828.0,837.4,0.0,0.0,0.0,caret
2020-06-05,847.3,1282.2,-434.9,-82.3,87.4,5.1,caret
2020-06-04,945.2,1386.7,-441.6,-35.4,35.4,0.0,caret
2020-06-03,1381.8,1291.3,90.4,0.0,0.0,0.0,caret
2020-06-02,2048.6,827.7,1220.9,-16.3,16.3,0.0,caret
2020-06-01,2433.0,1094.9,1338.0,-8.7,10.2,1.5,caret
2020-05-29,3231.3,4487.8,-1256.6,-8.5,8.5,0.0,caret
2020-05-28,11619.4,11071.8,547.6,0.0,0.0,0.0,caret
2020-05-27,13663.4,14276.7,-613.3,0.0,0.0,0.0,caret
2020-05-26,11137.8,12036.7,-898.9,0.0,0.0,0.0,caret
2020-05-22,6012.6,6054.6,-42.0,0.0,0.0,0.0,caret
2020-05-21,2923.7,2365.6,558.1,0.0,0.0,0.0,caret
2020-05-20,1163.3,2206.7,-1043.4,-110.4,110.4,0.0,caret
2020-05-19,778.2,1201.2,-423.1,0.0,0.0,0.0,caret
2020-05-18,1224.9,1202.0,22.9,0.0,0.0,0.0,caret
2020-05-15,595.7,1616.2,-1020.6,-1.8,1.8,0.0,caret
2020-05-14,1154.9,1756.9,-602.0,-1.5,3.3,1.8,caret
2020-05-13,857.7,1723.2,-865.5,0.0,0.0,0.0,caret
2020-05-12,1341.3,2708.1,-1366.8,0.0,0.0,0.0,caret
2020-05-11,1483.2,1266.9,216.4,0.0,0.0,0.0,caret
2020-05-08,2394.0,604.5,1789.6,0.0,0.0,0.0,caret
2020-05-07,1446.0,1319.1,126.9,0.0,0.0,0.0,caret
2020-05-06,640.5,1410.9,-770.4,-16.3,16.3,0.0,caret
2020-05-05,1146.7,845.6,301.1,-22.2,22.2,0.0,caret
2020-05-04,1188.2,1183.3,4.9,-49.6,49.6,0.0,caret
2020-04-30,8770.0,9444.9,-674.8,0.0,1.3,1.3,caret
2020-04-29,10024.4,10148.2,-123.8,2.6,0.0,2.6,caret
2020-04-28,8808.8,10279.9,-1471.1,0.0,0.0,0.0,caret
2020-04-27,5578.6,6571.4,-992.8,0.0,0.0,0.0,caret
2020-04-24,2501.2,2763.0,-261.8,-34.5,34.5,0.0,caret
2020-04-23,1732.6,1575.3,157.3,0.0,0.0,0.0,caret
2020-04-22,1152.1,1206.2,-54.0,0.0,0.0,0.0,caret
2020-04-21,1391.8,1343.5,48.3,0.0,0.0,0.0,caret
2020-04-20,2282.4,1719.0,563.4,0.0,0.0,0.0,caret
2020-04-17,1121.8,1303.5,-181.6,0.0,0.0,0.0,caret
2020-04-16,1122.8,2364.6,-1241.9,0.0,0.0,0.0,caret
2020-04-15,1875.6,1000.6,875.0,0.0,0.0,0.0,caret
2020-04-13,677.1,941.5,-264.4,-31.3,31.3,0.0,caret
2020-04-09,2180.4,703.0,1477.5,0.0,0.0,0.0,caret
2020-04-08,2104.8,396.2,1708.6,0.0,0.0,0.0,caret
2020-04-07,1242.0,599.3,642.8,-45.4,45.4,0.0,caret
2020-04-03,907.4,554.2,353.2,-37.0,37.0,0.0,caret
2020-04-01,971.2,838.4,132.9,-2.1,2.1,0.0,caret
2020-03-31,567.8,2539.7,-1971.8,-12.9,12.9,0.0,caret
2020-03-30,683.0,2697.3,-2014.3,-19.4,19.4,0.0,caret
2020-03-27,1386.6,675.8,710.8,-10.5,10.5,0.0,caret
2020-03-26,6309.9,4429.8,1880.1,0.0,0.0,0.0,caret
2020-03-25,9579.8,8817.2,762.6,0.0,0.0,0.0,caret
2020-03-24,8449.7,7643.5,806.3,0.0,0.0,0.0,caret
2020-03-23,6991.6,6074.1,917.6,0.0,0.0,0.0,caret
2020-03-20,3330.7,2646.0,684.7,-42.5,42.5,0.0,caret
2020-03-19,2631.7,3032.8,-401.2,-12.9,12.9,0.0,caret
2020-03-18,1937.5,1970.6,-33.1,-17.2,17.2,0.0,caret
2020-03-17,2884.8,2567.8,317.0,0.0,0.0,0.0,caret
2020-03-16,3247.5,1773.4,1474.1,-3.6,3.6,0.0,caret
2020-03-13,4626.5,2227.7,2398.9,0.0,0.0,0.0,caret
2020-03-12,3945.2,1851.1,2094.1,0.0,0.0,0.0,caret
2020-03-11,2059.5,1523.4,536.2,-6.0,6.0,0.0,caret
2020-03-09,1891.7,2373.5,-481.9,-8.4,8.4,0.0,caret
2020-03-06,923.4,783.2,140.2,-13.1,13.1,0.0,caret
2020-03-05,923.4,783.2,140.2,-13.1,13.1,0.0,caret
2020-03-04,1362.6,1559.4,-196.8,-30.6,30.6,0.0,caret
2020-03-03,1449.2,767.2,682.0,-38.0,38.0,0.0,caret
2020-03-02,1945.1,652.2,1292.9,-54.0,54.0,0.0,caret
2020-02-28,1526.4,4177.0,-2650.6,-8.8,8.8,0.0,caret
2020-02-27,20217.4,20412.5,-195.2,8.9,0.0,8.9,caret
2020-02-26,14552.9,15010.2,-457.2,-20.7,20.7,0.0,caret
2020-02-25,12268.9,12913.3,-644.4,-6.7,6.7,0.0,caret
2020-02-24,12466.9,12169.2,297.7,0.0,0.0,0.0,caret
2020-02-20,3935.3,3457.2,478.0,0.0,0.0,0.0,caret
2020-02-19,1066.4,1469.3,-402.9,0.0,0.0,0.0,caret
2020-02-18,610.2,1101.6,-491.5,0.0,0.0,0.0,caret
2020-02-17,629.3,1026.0,-396.7,-39.2,39.2,0.0,caret
2020-02-14,613.6,866.9,-253.3,-37.2,37.2,0.0,caret
2020-02-13,1001.2,832.1,169.1,-10.4,10.4,0.0,caret
2020-02-12,410.2,1119.1,-708.8,-98.2,98.2,0.0,caret
2020-02-11,281.3,1017.6,-736.4,-25.8,25.8,0.0,caret
2020-02-10,501.2,482.1,19.1,-11.6,11.6,0.0,caret
2020-02-07,335.1,666.6,-331.5,-41.7,41.7,0.0,caret
2020-02-06,864.7,1019.1,-154.4,-0.1,0.1,0.0,caret
2020-02-05,1538.8,1061.0,477.8,-31.4,31.4,0.0,caret
2020-02-04,1440.4,516.7,923.6,0.0,0.0,0.0,caret
2020-02-03,1091.4,616.8,474.6,0.0,0.0,0.0,caret
2020-02-01,1040.1,639.0,401.1,208.6,0.0,208.6,caret
2020-01-31,617.5,1841.9,-1224.4,0.0,0.0,0.0,caret
2020-01-30,20790.4,20520.7,269.7,0.4,0.0,0.4,caret
2020-01-29,18270.4,18470.1,-199.7,18.2,0.0,18.2,caret
2020-01-28,15259.0,15446.4,-187.4,23.4,0.0,23.4,caret
2020-01-27,9154.1,9207.8,-53.7,0.0,0.0,0.0,caret
2020-01-24,3644.6,3780.2,-135.6,0.0,0.0,0.0,caret
2020-01-23,2004.5,2085.0,-80.4,0.0,0.0,0.0,caret
2020-01-22,1439.0,1823.2,-384.2,0.0,0.0,0.0,caret
2020-01-21,815.1,674.9,140.2,0.0,0.0,0.0,caret
2020-01-20,922.9,1367.8,-444.9,0.0,0.0,0.0,caret
2020-01-17,829.5,874.2,-44.7,0.0,0.0,0.0,caret
2020-01-16,604.0,511.9,92.1,0.0,0.0,0.0,caret
2020-01-15,699.0,773.1,-74.1,0.0,0.0,0.0,caret
2020-01-14,748.5,567.6,180.9,0.0,0.0,0.0,caret
2020-01-13,718.2,538.3,180.0,-24.1,24.1,0.0,caret
2020-01-10,1331.0,500.3,830.7,4.6,0.0,4.6,caret
2020-01-09,668.2,700.1,-31.9,0.0,0.0,0.0,caret
2020-01-08,735.7,861.3,-125.6,0.0,0.0,0.0,caret
2020-01-07,403.1,810.0,-407.0,0.0,0.0,0.0,caret
2020-01-06,606.0,728.6,-122.6,0.0,0.0,0.0,caret
2020-01-03,671.7,214.1,457.6,0.0,0.0,0.0,caret
2020-01-02,549.0,552.9,-3.9,-10.8,10.8,0.0,caret
2020-01-01,187.8,265.1,-77.4,-10.9,10.9,0.0,caret
2019-12-31,191.8,1188.2,-996.4,0.0,0.0,0.0,caret
2019-12-30,112.7,559.7,-447.0,-35.7,35.7,0.0,caret
2019-12-27,172.4,760.4,-588.0,0.0,0.0,0.0,caret
2019-12-26,15897.4,16575.3,-677.9,7.0,0.0,7.0,caret
2019-12-24,20962.2,21180.6,-218.5,0.0,0.0,0.0,caret
2019-12-23,15044.4,15499.7,-455.3,0.0,0.0,0.0,caret
2019-12-20,5597.1,5976.6,-379.5,0.0,0.0,0.0,caret
2019-12-19,3194.9,2842.6,352.3,0.0,0.0,0.0,caret
2019-12-18,2504.4,2196.4,308.0,0.0,0.0,0.0,caret
2019-12-17,4685.6,4242.3,443.4,0.0,0.0,0.0,caret
2019-12-16,1292.7,1024.0,268.7,0.0,0.0,0.0,caret
2019-12-13,877.9,1250.8,-372.9,-7.9,7.9,0.0,caret
2019-12-12,2575.2,2943.5,-368.3,0.0,0.0,0.0,caret
2019-12-11,1480.5,1986.9,-506.4,-7.5,15.3,7.8,caret
2019-12-10,514.7,650.9,-136.2,0.0,0.0,0.0,caret
2019-12-09,450.3,540.4,-90.1,0.0,0.0,0.0,caret
2019-12-06,577.6,925.2,-347.6,0.0,0.0,0.0,caret
2019-12-05,613.3,454.8,158.5,0.0,0.0,0.0,caret
2019-12-04,430.9,1292.1,-861.3,-21.7,21.7,0.0,caret
2019-12-03,431.8,878.1,-446.3,0.0,0.0,0.0,caret
2019-12-02,426.1,1068.6,-642.5,0.0,0.0,0.0,caret
2019-11-29,590.4,1305.5,-715.1,0.0,0.0,0.0,caret
2019-11-28,16166.6,16826.1,-659.5,0.0,0.0,0.0,caret
2019-11-27,15335.1,15635.2,-300.1,-8.6,8.6,0.0,caret
2019-11-26,17024.0,17150.0,-126.0,0.0,0.0,0.0,caret
2019-11-25,11730.4,12450.9,-720.5,0.0,0.0,0.0,caret
2019-11-22,3821.4,3577.1,244.3,0.0,0.0,0.0,caret
2019-11-21,2541.4,2107.5,433.9,0.0,0.0,0.0,caret
2019-11-20,1763.4,1372.6,390.8,0.0,0.0,0.0,caret
2019-11-19,841.8,876.2,-34.4,0.0,0.0,0.0,caret
2019-11-18,298.8,597.2,-298.4,0.0,0.0,0.0,caret
2019-11-15,713.1,1443.6,-730.5,-10.0,10.0,0.0,caret
2019-11-14,426.9,1026.5,-599.6,2.9,0.0,2.9,caret
2019-11-13,842.8,609.3,233.5,13.4,2.4,15.7,caret
2019-11-11,623.1,834.3,-211.2,0.0,0.0,0.0,caret
2019-11-08,1274.0,1073.3,200.8,0.0,0.0,0.0,caret
2019-11-07,946.5,841.1,105.4,0.0,0.0,0.0,caret
2019-11-06,920.0,1170.3,-250.3,-11.4,11.4,0.0,caret
2019-11-05,895.0,752.9,142.1,-5.9,5.9,0.0,caret
2019-11-04,769.9,722.0,48.0,-9.2,9.2,0.0,caret
2019-11-01,752.6,1429.8,-677.1,0.0,0.0,0.0,caret
2019-10-31,22565.9,22152.6,413.2,2.9,0.0,2.9,caret
2019-10-30,22909.1,21847.4,1061.7,22.1,0.0,22.1,caret
2019-10-29,14059.0,13465.5,593.5,42.7,0.0,42.7,caret
2019-10-27,0.0,0.0,0.0,0.0,0.0,0.0,caret
2019-10-25,4307.2,4226.4,80.7,7.0,0.0,7.0,caret
2019-10-24,1873.6,1745.0,128.6,0.0,0.0,0.0,caret
2019-10-23,966.6,1090.9,-124.4,0.0,0.0,0.0,caret
2019-10-22,1521.0,2162.9,-641.9,0.0,0.0,0.0,caret
2019-10-18,1288.3,761.6,526.8,10.1,0.0,10.1,caret
2019-10-17,1221.3,779.2,442.1,-5.3,5.3,0.0,caret
2019-10-16,471.1,748.2,-277.1,-13.0,13.0,0.0,caret
2019-10-15,586.0,581.5,4.4,-11.9,11.9,0.0,caret
2019-10-14,867.7,657.6,210.1,-9.9,15.3,5.4,caret
2019-10-11,944.8,946.7,-1.9,-15.1,15.1,0.0,caret
2019-10-10,977.5,295.6,681.9,-8.9,8.9,0.0,caret
2019-10-09,763.4,1002.8,-239.4,17.3,0.0,17.3,caret
2019-10-07,662.0,716.0,-54.0,0.0,0.0,0.0,caret
2019-10-04,473.8,600.9,-127.1,-8.1,8.1,0.0,caret
2019-10-03,408.3,1055.0,-646.7,-10.5,10.5,0.0,caret
2019-10-01,944.1,1363.8,-419.7,-33.6,33.6,0.0,caret
2019-09-30,724.7,1919.3,-1194.7,-29.8,39.6,9.8,caret
2019-09-27,469.5,831.6,-362.1,0.0,0.0,0.0,caret
2019-09-26,13562.4,14822.9,-1260.4,0.5,4.3,4.8,caret
2019-09-25,16759.9,17912.6,-1152.7,-5.5,5.5,0.0,caret
2019-09-24,12479.5,13643.8,-1164.3,0.0,0.0,0.0,caret
2019-09-23,11168.0,8944.0,2224.0,-6.0,6.0,0.0,caret
2019-09-20,5372.0,4521.0,851.0,25.0,0.0,25.0,caret
2019-09-19,1449.0,1723.0,-274.0,0.0,0.0,0.0,caret
2019-09-18,930.7,1136.3,-205.5,0.0,0.0,0.0,caret
2019-09-17,1553.0,1388.0,165.0,-10.0,10.0,0.0,caret
2019-09-16,1755.1,1818.7,-63.6,0.0,0.0,0.0,caret
2019-09-13,837.9,1443.4,-605.4,0.0,0.0,0.0,caret
2019-09-12,2365.5,1404.8,960.7,0.0,0.0,0.0,caret
2019-09-11,1012.0,1055.6,-43.5,0.0,0.0,0.0,caret
2019-09-09,822.0,689.0,133.0,-18.5,18.5,0.0,caret
2019-09-06,655.9,734.2,-78.3,-40.2,40.2,0.0,caret
2019-09-05,777.7,559.1,218.5,-9.6,9.6,0.0,caret
2019-09-04,566.5,1060.8,-494.3,0.0,0.0,0.0,caret
2019-09-03,685.6,698.1,-12.5,-7.6,7.6,0.0,caret
2019-08-30,756.9,1313.4,-556.5,0.0,0.0,0.0,caret
2019-08-29,13625.5,16916.6,-3291.1,0.0,0.0,0.0,caret
2019-08-28,11166.2,11290.1,-123.9,0.0,0.0,0.0,caret
2019-08-27,13248.2,13472.8,-224.6,0.0,0.0,0.0,caret
2019-08-26,8172.1,8532.4,-360.3,0.0,0.0,0.0,caret
2019-08-23,2594.5,3724.8,-1130.3,0.0,0.0,0.0,caret
2019-08-22,2589.2,2639.6,-50.4,0.0,0.0,0.0,caret
2019-08-21,2062.8,2146.3,-83.5,0.0,0.0,0.0,caret
2019-08-20,1402.5,1323.0,79.6,0.0,0.0,0.0,caret
2019-08-19,1152.9,841.6,311.3,0.0,0.0,0.0,caret
2019-08-16,603.8,1199.6,-595.8,0.0,0.0,0.0,caret
2019-08-14,1631.2,1684.4,-53.2,0.0,0.0,0.0,caret
2019-08-13,1804.8,1017.6,787.1,0.0,0.0,0.0,caret
2019-08-09,1696.7,740.1,956.6,0.0,0.0,0.0,caret
2019-08-08,693.1,1092.3,-399.2,0.0,0.0,0.0,caret
2019-08-07,926.8,428.0,498.8,0.0,0.0,0.0,caret
2019-08-06,989.3,982.2,7.1,-14.6,14.6,0.0,caret
2019-08-05,554.1,972.0,-417.9,-17.0,17.0,0.0,caret
2019-08-02,661.0,1666.8,-1005.8,-16.8,16.8,0.0,caret
2019-08-01,590.6,1499.2,-908.6,0.0,0.0,0.0,caret
2019-07-31,593.6,1940.5,-1346.9,-1.7,1.7,0.0,caret
2019-07-30,671.3,1290.1,-618.8,0.0,0.0,0.0,caret
2019-07-29,612.8,756.2,-143.4,0.0,0.0,0.0,caret
2019-07-26,382.6,1011.6,-629.0,0.0,0.0,0.0,caret
2019-07-25,14910.7,16410.2,-1499.4,0.0,0.0,0.0,caret
2019-07-24,14071.2,13645.1,426.1,0.0,0.0,0.0,caret
2019-07-23,11047.7,11216.0,-168.3,0.0,0.0,0.0,caret
2019-07-22,7925.0,8915.9,-990.8,0.0,0.0,0.0,caret
2019-07-19,3184.2,3361.4,-177.2,0.0,0.0,0.0,caret
2019-07-18,1797.5,2021.9,-224.4,0.0,0.0,0.0,caret
2019-07-17,1072.2,824.3,247.9,0.0,0.0,0.0,caret
2019-07-16,793.5,1113.1,-319.6,0.0,0.0,0.0,caret
2019-07-15,852.3,753.8,98.5,0.0,0.0,0.0,caret
2019-07-12,1140.3,1031.9,108.4,0.0,0.0,0.0,caret
2019-07-11,756.1,1169.3,-413.1,0.0,0.0,0.0,caret
2019-07-10,833.7,881.5,-47.8,0.0,0.0,0.0,caret
2019-07-09,1071.2,1172.9,-101.7,0.0,0.0,0.0,caret
2019-07-08,973.0,1188.2,-215.3,0.0,0.0,0.0,caret
2019-07-05,628.2,732.3,-104.2,0.0,0.0,0.0,caret
2019-07-04,677.2,295.1,382.1,0.0,0.0,0.0,caret
2019-07-03,410.6,530.0,-119.4,0.0,0.0,0.0,caret
2019-07-02,372.7,452.7,-80.0,0.0,0.0,0.0,caret
2019-07-01,445.3,671.8,-226.5,0.0,0.0,0.0,caret
2019-06-28,201.1,696.6,-495.4,0.0,0.0,0.0,caret
2019-06-27,11698.8,13682.9,-1984.1,0.0,0.0,0.0,caret
2019-06-26,12658.3,13127.6,-469.2,0.0,0.0,0.0,caret
2019-06-25,11184.5,11498.5,-314.0,0.0,0.0,0.0,caret
2019-06-24,10785.0,10867.7,-82.8,0.0,0.0,0.0,caret
2019-06-21,2642.2,2932.0,-289.8,0.0,0.0,0.0,caret
2019-06-20,1630.9,2000.4,-369.5,0.0,0.0,0.0,caret
2019-06-19,1220.0,1025.6,194.4,0.0,0.0,0.0,caret
2019-06-18,902.3,1196.9,-294.6,0.0,0.0,0.0,caret
2019-06-17,799.5,1376.7,-577.2,0.0,0.0,0.0,caret
2019-06-14,492.2,553.3,-61.0,0.0,0.0,0.0,caret
2019-06-13,840.0,1117.8,-277.9,0.0,0.0,0.0,caret
2019-06-12,641.7,758.3,-116.6,-13.6,13.6,0.0,caret
2019-06-11,633.5,720.3,-86.8,-24.1,24.1,0.0,caret
2019-06-10,386.5,431.3,-44.8,-18.7,18.7,0.0,caret
2019-06-07,396.8,553.0,-156.3,0.0,0.0,0.0,caret
2019-06-06,879.3,1719.1,-839.8,-33.5,33.5,0.0,caret
2019-06-04,557.8,584.8,-27.1,-14.4,14.4,0.0,caret
2019-06-03,493.0,570.1,-77.1,-31.5,31.5,0.0,caret
2019-05-31,557.5,857.0,-299.5,0.0,0.0,0.0,caret
2019-05-30,12813.1,14295.5,-1482.4,0.0,0.0,0.0,caret
2019-05-29,13052.3,13284.7,-232.3,0.0,0.0,0.0,caret
2019-05-28,12615.6,12909.8,-294.2,0.0,0.0,0.0,caret
2019-05-27,9209.4,8616.5,592.9,0.0,0.0,0.0,caret
2019-05-24,1768.1,1662.3,105.8,0.0,0.0,0.0,caret
2019-05-23,1989.2,1759.6,229.6,-26.2,26.2,0.0,caret
2019-05-22,797.1,1016.2,-219.1,0.0,0.0,0.0,caret
2019-05-21,1242.0,871.8,370.1,0.0,0.0,0.0,caret
2019-05-20,1184.0,928.3,255.7,0.0,0.0,0.0,caret
2019-05-17,1144.8,820.8,324.1,0.0,0.0,0.0,caret
2019-05-16,768.5,912.8,-144.2,0.0,0.0,0.0,caret
2019-05-15,661.6,356.4,305.2,0.0,0.0,0.0,caret
2019-05-14,605.9,1264.3,-658.5,0.0,0.0,0.0,caret
2019-05-13,744.4,881.0,-136.6,0.0,0.0,0.0,caret
2019-05-10,396.0,534.6,-138.6,-1.0,1.0,0.0,caret
2019-05-09,497.3,393.9,103.4,1.0,0.0,1.0,caret
2019-05-08,511.4,1007.8,-496.4,-6.0,6.0,0.0,caret
2019-05-07,501.3,687.8,-186.5,-13.4,13.4,0.0,caret
2019-05-06,422.9,710.9,-288.1,-31.4,31.4,0.0,caret
2019-05-03,553.4,954.3,-400.9,-33.0,33.0,0.0,caret
2019-05-02,652.4,743.0,-90.5,-28.1,28.1,0.0,caret
2019-04-30,379.3,1199.1,-819.9,-11.9,11.9,0.0,caret
2019-04-26,300.2,1011.8,-711.7,-5.3,5.3,0.0,caret
2019-04-25,15546.5,17640.3,-2093.8,0.0,0.0,0.0,caret
2019-04-24,16720.0,16979.5,-259.5,0.0,0.0,0.0,caret
2019-04-23,10585.3,10785.8,-200.5,0.0,0.0,0.0,caret
2019-04-22,5435.6,5343.9,91.7,0.0,0.0,0.0,caret
2019-04-18,2117.3,1854.6,262.7,-2.6,2.6,0.0,caret
2019-04-16,1305.8,1160.0,145.8,0.0,0.0,0.0,caret
2019-04-15,1787.6,1376.1,411.6,0.0,0.0,0.0,caret
2019-04-12,1422.3,1595.0,-172.6,0.0,0.0,0.0,caret
2019-04-11,634.3,635.4,-1.1,-3.5,3.5,0.0,caret
2019-04-10,848.6,1274.0,-425.3,-11.2,11.2,0.0,caret
2019-04-09,520.0,946.7,-426.7,-40.0,40.0,0.0,caret
2019-04-08,601.8,723.1,-121.4,-42.1,42.1,0.0,caret
2019-04-05,621.6,1284.7,-663.1,-16.1,16.1,0.0,caret
2019-04-04,712.2,1066.2,-354.0,0.0,0.0,0.0,caret
2019-04-03,382.7,905.0,-522.3,0.0,0.0,0.0,caret
2019-04-02,850.0,736.9,113.2,0.0,0.0,0.0,caret
2019-04-01,834.3,633.7,200.6,0.0,0.0,0.0,caret
2019-03-29,928.3,1068.8,-140.5,0.0,0.0,0.0,caret
2019-03-28,9776.6,10517.9,-741.3,0.0,0.0,0.0,caret
2019-03-27,12129.6,12455.9,-326.3,0.0,0.0,0.0,caret
2019-03-26,13571.2,13992.4,-421.2,0.0,0.0,0.0,caret
2019-03-25,9259.8,9468.3,-208.5,0.0,0.0,0.0,caret
2019-03-22,4834.4,4560.0,274.4,0.0,0.0,0.0,caret
2019-03-20,3415.1,3228.0,187.0,0.0,0.0,0.0,caret
2019-03-19,1635.8,1567.3,68.5,0.0,0.0,0.0,caret
2019-03-18,1052.0,1104.6,-52.6,0.0,0.0,0.0,caret
2019-03-15,1477.2,1561.3,-84.1,0.0,0.0,0.0,caret
2019-03-14,890.4,892.2,-1.7,0.0,0.0,0.0,caret
2019-03-13,961.8,659.6,302.2,0.0,0.0,0.0,caret
2019-03-12,1413.8,621.4,792.4,0.0,0.0,0.0,caret
2019-03-11,995.7,451.9,543.8,0.0,0.0,0.0,caret
2019-03-08,666.6,257.0,409.7,0.0,0.0,0.0,caret
2019-03-07,679.0,432.3,246.8,0.0,0.0,0.0,caret
2019-03-06,1292.3,546.6,745.7,0.0,0.0,0.0,caret
2019-03-05,1224.4,584.7,639.7,0.0,0.0,0.0,caret
2019-03-01,767.3,692.5,74.8,0.0,0.0,0.0,caret
2019-02-28,12865.8,14661.9,-1796.1,0.0,0.0,0.0,caret
2019-02-27,13731.9,13383.8,348.1,0.0,0.0,0.0,caret
2019-02-26,9809.4,9291.8,517.6,0.0,0.0,0.0,caret
2019-02-25,8334.4,8299.0,35.5,0.0,0.0,0.0,caret
2019-02-22,3081.4,3197.6,-116.1,0.1,0.0,0.1,caret
2019-02-21,2220.0,2341.4,-121.4,-0.1,0.1,0.0,caret
2019-02-20,2576.7,2884.0,-307.3,0.0,0.0,0.0,caret
2019-02-19,1463.6,1494.2,-30.6,0.0,0.0,0.0,caret
2019-02-18,1088.8,903.9,184.9,0.0,0.0,0.0,caret
2019-02-15,1741.1,1943.4,-202.2,0.0,0.0,0.0,caret
2019-02-14,1007.5,887.2,120.3,0.0,0.0,0.0,caret
2019-02-13,1318.0,1098.8,219.2,-0.6,0.6,0.0,caret
2019-02-12,638.2,934.8,-296.5,0.6,0.0,0.6,caret
2019-02-11,613.6,997.0,-383.4,-0.8,0.8,0.0,caret
2019-02-08,1006.3,843.5,162.8,0.0,0.0,0.0,caret
2019-02-07,834.9,917.2,-82.2,0.0,0.0,0.0,caret
2019-02-06,578.3,592.8,-14.5,0.8,0.0,0.8,caret
2019-02-05,796.8,509.5,287.2,2.9,1.1,4.0,caret
2019-02-04,734.5,525.1,209.4,0.0,0.0,0.0,caret
2019-02-01,1103.2,841.3,262.0,5.0,0.0,5.0,caret
2019-01-31,12879.1,13605.5,-726.4,2.7,0.0,2.7,caret
2019-01-30,12289.6,12240.2,49.4,15.5,0.0,15.5,caret
2019-01-29,10694.0,11182.9,-488.9,8.8,0.0,8.8,caret
2019-01-28,8940.8,9166.2,-225.4,0.0,0.0,0.0,caret
2019-01-25,3235.1,3480.3,-245.2,0.0,0.0,0.0,caret
2019-01-24,1374.9,1238.5,136.4,-1.3,1.3,0.0,caret
2019-01-23,1207.3,1474.2,-266.9,1.3,0.0,1.3,caret
2019-01-22,1338.8,1288.9,49.9,0.0,0.0,0.0,caret
2019-01-21,1089.0,827.5,261.5,0.0,0.0,0.0,caret
2019-01-18,1369.6,1684.4,-314.8,0.0,0.0,0.0,caret
2019-01-17,1700.2,1420.3,279.9,0.0,0.0,0.0,caret
2019-01-16,1639.8,1526.4,113.4,0.0,0.0,0.0,caret
2019-01-15,2087.7,2156.2,-68.5,-1.9,1.9,0.0,caret
2019-01-14,706.7,805.6,-98.9,1.9,0.0,1.9,caret
2019-01-11,757.2,1084.4,-327.2,0.0,0.0,0.0,caret
2019-01-10,598.9,495.5,103.4,0.0,0.0,0.0,caret
2019-01-09,1203.2,756.1,447.0,0.0,0.0,0.0,caret
2019-01-08,837.5,714.6,122.9,0.0,0.0,0.0,caret
2019-01-07,519.2,431.6,87.6,0.0,0.0,0.0,caret
2019-01-04,543.8,792.1,-248.3,0.0,0.0,0.0,caret
2019-01-03,575.6,849.7,-274.1,0.0,0.0,0.0,caret
2019-01-02,860.0,609.1,250.9,0.0,0.0,0.0,caret
2019-01-01,170.3,322.9,-152.6,0.0,0.0,0.0,caret
2018-12-31,153.3,600.1,-446.8,0.0,0.0,0.0,caret
2018-12-28,106.3,685.0,-578.7,0.0,0.0,0.0,caret
2018-12-27,10720.6,11903.8,-1183.2,-2.6,2.6,0.0,caret
2018-12-26,17517.5,17602.0,-84.4,-3.7,3.7,0.0,caret
2018-12-24,14277.3,14485.0,-207.7,0.0,0.0,0.0,caret
2018-12-21,8213.4,8392.1,-178.6,0.0,0.0,0.0,caret
2018-12-20,4202.3,4613.4,-411.1,0.0,0.0,0.0,caret
2018-12-19,1733.9,1430.4,303.5,0.0,0.0,0.0,caret
2018-12-18,943.0,1098.2,-155.2,0.0,0.0,0.0,caret
2018-12-17,555.8,598.8,-43.0,0.0,0.0,0.0,caret
2018-12-14,851.1,768.8,82.3,0.0,0.0,0.0,caret
2018-12-13,761.7,524.5,237.1,0.2,2.5,2.6,caret
2018-12-12,572.5,1129.5,-557.0,6.2,0.0,6.2,caret
2018-12-11,868.6,1186.8,-318.2,0.0,0.0,0.0,caret
2018-12-10,656.2,1008.0,-351.8,0.0,0.0,0.0,caret
2018-12-07,588.8,992.1,-403.3,0.0,0.0,0.0,caret
2018-12-06,933.2,632.5,300.7,0.0,0.0,0.0,caret
2018-12-05,820.0,700.2,119.8,0.0,0.0,0.0,caret
2018-12-04,848.5,461.9,386.5,0.0,0.0,0.0,caret
2018-12-03,1201.6,1211.0,-9.4,0.0,0.0,0.0,caret
2018-11-30,1126.7,1996.0,-869.4,0.0,0.0,0.0,caret
2018-11-29,14900.4,17714.0,-2813.6,0.0,0.0,0.0,caret
2018-11-28,20380.2,19693.0,687.2,0.0,0.0,0.0,caret
2018-11-27,12112.5,11785.7,326.7,0.0,0.0,0.0,caret
2018-11-26,5558.3,5972.2,-413.9,0.0,0.0,0.0,caret
2018-11-22,1470.1,1145.1,325.0,0.0,0.0,0.0,caret
2018-11-21,1012.4,2115.9,-1103.5,0.0,0.0,0.0,caret
2018-11-20,878.3,1063.9,-185.6,0.0,0.0,0.0,caret
2018-11-19,1311.8,922.9,388.9,0.0,0.0,0.0,caret
2018-11-16,1486.7,993.2,493.5,0.0,0.0,0.0,caret
2018-11-15,1028.0,1162.1,-134.1,0.0,0.0,0.0,caret
2018-11-14,1638.7,1357.6,281.1,0.0,0.0,0.0,caret
2018-11-13,642.7,885.6,-243.0,0.0,0.0,0.0,caret
2018-11-12,988.5,711.2,277.4,0.0,0.0,0.0,caret
2018-11-09,855.6,1010.4,-154.8,0.0,0.0,0.0,caret
2018-11-07,0.0,0.0,0.0,0.0,0.0,0.0,caret
2018-11-06,821.0,744.6,76.4,0.0,0.0,0.0,caret
2018-11-05,842.2,670.9,171.3,0.0,0.0,0.0,caret
2018-11-02,1792.6,833.7,958.9,0.0,0.0,0.0,caret
2018-11-01,1373.5,786.6,586.9,0.0,0.0,0.0,caret
2018-10-31,1552.8,1571.2,-18.4,0.0,0.0,0.0,caret
2018-10-30,672.0,1060.2,-388.1,0.0,0.0,0.0,caret
2018-10-29,914.8,1708.9,-794.1,0.0,0.0,0.0,caret
2018-10-26,560.3,1136.0,-575.7,0.0,0.0,0.0,caret
2018-10-25,16174.4,18699.0,-2524.6,0.0,0.0,0.0,caret
2018-10-24,13689.5,13986.4,-296.9,0.6,0.0,0.6,caret
2018-10-23,12738.6,13275.4,-536.8,0.0,0.0,0.0,caret
2018-10-22,7576.9,7299.0,277.9,0.0,0.0,0.0,caret
2018-10-19,1794.3,2281.6,-487.3,0.0,0.0,0.0,caret
2018-10-17,1482.1,1017.8,464.4,0.0,0.0,0.0,caret
2018-10-16,1067.4,913.5,153.9,0.0,0.0,0.0,caret
2018-10-15,816.1,511.9,304.2,0.0,0.0,0.0,caret
2018-10-12,935.3,947.9,-12.6,0.0,0.0,0.0,caret
2018-10-11,2170.7,2290.2,-119.5,0.0,0.0,0.0,caret
2018-10-10,1086.0,947.8,138.2,0.0,0.0,0.0,caret
2018-10-09,905.9,895.5,10.4,0.0,0.0,0.0,caret
2018-10-08,1317.3,990.8,326.5,-9.8,9.8,0.0,caret
2018-10-05,1213.1,1577.7,-364.6,0.0,0.0,0.0,caret
2018-10-04,1505.1,1332.1,173.0,0.0,0.0,0.0,caret
2018-10-03,1199.9,1010.0,189.9,0.0,0.0,0.0,caret
2018-10-01,729.2,1331.6,-602.4,0.0,0.0,0.0,caret
2018-09-28,810.4,2410.8,-1600.4,9.4,0.4,9.8,caret
2018-09-27,15497.0,18264.2,-2767.2,-3.8,4.2,0.4,caret
2018-09-26,17499.7,18236.4,-736.7,0.0,0.0,0.0,caret
2018-09-25,9935.1,10217.6,-282.5,0.0,0.0,0.0,caret
2018-09-24,16329.6,17430.8,-1101.2,0.0,0.0,0.0,caret
2018-09-21,3664.5,3419.6,244.9,0.0,0.0,0.0,caret
2018-09-19,1238.0,1612.9,-375.0,6.6,0.0,6.6,caret
2018-09-18,1122.7,975.2,147.5,9.6,0.0,9.6,caret
2018-09-17,841.0,664.9,176.0,0.0,0.0,0.0,caret
2018-09-14,769.1,593.6,175.4,0.0,0.0,0.0,caret
2018-09-12,1003.9,1640.6,-636.7,2.3,0.0,2.3,caret
2018-09-11,690.0,1065.2,-375.2,1.9,0.0,1.9,caret
2018-09-10,594.7,1198.4,-603.7,2.0,0.0,2.0,caret
2018-09-07,779.8,1003.4,-223.5,2.4,0.0,2.4,caret
2018-09-06,741.3,895.6,-154.3,0.0,0.0,0.0,caret
2018-09-05,645.5,1223.4,-577.9,0.0,0.0,0.0,caret
2018-09-04,884.8,1017.9,-133.1,0.0,0.0,0.0,caret
2018-09-03,1039.2,1060.4,-21.2,0.0,0.0,0.0,caret
2018-08-31,1087.0,1402.7,-315.7,0.0,0.0,0.0,caret
2018-08-30,14615.4,16707.8,-2092.4,0.0,0.0,0.0,caret
2018-08-29,15322.8,15764.4,-441.6,0.0,0.0,0.0,caret
2018-08-28,13967.2,14201.7,-234.4,0.0,0.0,0.0,caret
2018-08-27,8285.7,8276.8,8.9,0.0,0.0,0.0,caret
2018-08-24,4940.5,4904.3,36.2,0.0,0.0,0.0,caret
2018-08-23,3037.6,2854.1,183.5,3.0,0.0,3.0,caret
2018-08-21,1686.0,1520.9,165.1,0.0,0.0,0.0,caret
2018-08-20,994.9,1263.3,-268.4,0.0,0.0,0.0,caret
2018-08-17,835.3,746.1,89.3,-2.8,2.8,0.0,caret
2018-08-16,1601.4,2293.7,-692.3,5.6,0.0,5.6,caret
2018-08-14,705.8,878.7,-172.9,0.0,0.0,0.0,caret
2018-08-13,457.8,832.8,-374.9,0.0,0.0,0.0,caret
2018-08-10,768.8,548.2,220.7,0.0,0.0,0.0,caret
2018-08-09,1293.8,1091.5,202.4,0.0,0.0,0.0,caret
2018-08-08,708.2,872.9,-164.8,-4.5,4.5,0.0,caret
2018-08-07,728.4,1040.6,-312.2,0.0,2.8,2.8,caret
2018-08-06,858.8,709.3,149.5,0.0,0.0,0.0,caret
2018-08-03,1125.7,833.9,291.8,0.0,0.0,0.0,caret
2018-08-02,1427.0,1786.8,-359.8,0.0,0.0,0.0,caret
2018-08-01,1786.6,2079.6,-293.0,0.0,0.0,0.0,caret
2018-07-31,708.8,971.6,-262.8,-3.4,3.4,0.0,caret
2018-07-30,978.3,1193.8,-215.6,-3.2,3.2,0.0,caret
2018-07-27,861.6,724.1,137.5,0.0,0.0,0.0,caret
2018-07-26,14477.6,15961.7,-1484.1,8.3,6.2,14.4,caret
2018-07-25,31221.1,31509.3,-288.2,0.1,1.8,1.9,caret
2018-07-24,12490.9,12826.9,-335.9,-0.8,0.9,0.1,caret
2018-07-23,8952.0,9281.0,-329.0,-1.7,1.7,0.0,caret
2018-07-20,2091.1,2381.0,-289.9,1.7,0.0,1.7,caret
2018-07-19,2214.3,2653.0,-438.7,7.1,0.0,7.1,caret
2018-07-18,1026.6,829.1,197.5,0.0,0.0,0.0,caret
2018-07-17,390.4,1535.1,-1144.7,0.0,0.0,0.0,caret
2018-07-16,1018.2,823.6,194.5,0.0,0.0,0.0,caret
2018-07-13,770.4,1344.3,-573.8,0.0,0.0,0.0,caret
2018-07-12,839.9,1044.7,-204.7,0.0,0.0,0.0,caret
2018-07-11,1399.6,644.7,754.8,0.0,0.0,0.0,caret
2018-07-10,899.4,632.4,267.1,-4.0,4.0,0.0,caret
2018-07-09,475.3,511.7,-36.4,4.0,0.0,4.0,caret
2018-07-06,699.3,896.9,-197.6,0.0,0.0,0.0,caret
2018-07-05,829.0,521.3,307.7,0.0,0.0,0.0,caret
2018-07-04,572.7,682.6,-109.9,0.0,0.0,0.0,caret
2018-07-03,882.1,1108.2,-226.1,0.0,0.0,0.0,caret
2018-07-02,831.3,898.8,-67.5,0.0,0.0,0.0,caret
2018-06-29,497.2,1719.1,-1222.0,0.0,0.0,0.0,caret
2018-06-28,13828.6,13136.7,692.0,0.0,0.0,0.0,caret
2018-06-27,13828.6,13136.7,692.0,0.0,0.0,0.0,caret
2018-06-26,10665.8,10518.6,147.2,-1.6,1.6,0.0,caret
2018-06-25,7240.7,6747.2,493.4,-0.3,0.3,0.0,caret
2018-06-22,2648.9,3383.0,-734.1,2.5,0.0,2.5,caret
2018-06-21,3961.0,4272.6,-311.6,0.0,0.0,0.0,caret
2018-06-20,1218.0,2199.3,-981.4,0.0,0.0,0.0,caret
2018-06-19,972.1,1200.4,-228.3,0.0,0.0,0.0,caret
2018-06-18,885.9,836.4,49.5,0.0,0.0,0.0,caret
2018-06-15,1241.0,1063.2,177.7,2.2,0.0,2.2,caret
2018-06-14,785.6,1231.4,-445.8,0.0,0.0,0.0,caret
2018-06-13,1440.5,893.4,547.1,-16.1,16.1,0.0,caret
2018-06-12,1376.0,1381.8,-5.8,16.1,0.0,16.1,caret
2018-06-11,927.4,801.4,126.0,0.0,0.0,0.0,caret
2018-06-08,805.0,658.1,146.9,0.0,0.0,0.0,caret
2018-06-07,621.4,902.2,-280.7,0.0,0.0,0.0,caret
2018-06-06,597.5,799.7,-202.1,0.0,0.0,0.0,caret
2018-06-05,799.1,830.9,-31.9,2.3,0.0,2.3,caret
2018-06-04,1728.0,672.7,1055.3,-2.8,2.8,0.0,caret
2018-06-01,856.4,838.0,18.4,9.1,0.0,9.1,caret
2018-05-31,14622.2,16801.6,-2179.5,-7.5,8.9,1.4,caret
2018-05-30,12913.4,13207.0,-293.6,-0.9,1.9,1.0,caret
2018-05-29,12469.4,12057.8,411.6,3.1,0.0,3.1,caret
2018-05-28,9287.1,9288.4,-1.3,-1.4,1.4,0.0,caret
2018-05-25,2515.4,2958.5,-443.0,3.6,1.6,5.2,caret
2018-05-24,1972.0,1721.2,250.7,0.0,0.0,0.0,caret
2018-05-23,1679.5,1382.3,297.3,3.0,0.0,3.0,caret
2018-05-22,733.2,1308.2,-575.0,0.0,0.4,0.4,caret
2018-05-21,1195.0,1773.9,-578.9,0.0,0.0,0.0,caret
2018-05-18,1316.6,835.8,480.8,0.0,0.0,0.0,caret
2018-05-17,841.6,1051.6,-210.0,2.8,0.0,2.8,caret
2018-05-16,821.8,1153.7,-331.9,1.2,0.0,1.2,caret
2018-05-15,906.3,1430.2,-524.0,-4.9,4.9,0.0,caret
2018-05-14,898.0,870.5,27.5,4.9,0.0,4.9,caret
2018-05-11,805.8,812.4,-6.6,0.0,0.0,0.0,caret
2018-05-10,905.5,481.7,423.8,0.0,0.0,0.0,caret
2018-05-09,768.7,938.0,-169.3,0.0,0.0,0.0,caret
2018-05-08,1145.8,591.8,553.9,-6.3,6.3,0.0,caret
2018-05-07,483.8,705.2,-221.3,17.7,0.0,17.7,caret
2018-05-04,669.9,847.6,-177.7,0.0,0.0,0.0,caret
2018-05-03,916.4,1048.3,-131.9,0.0,0.0,0.0,caret
2018-05-02,1379.9,1450.8,-70.9,0.0,0.0,0.0,caret
2018-04-30,501.2,791.6,-290.5,0.0,0.0,0.0,caret
2018-04-27,529.5,1293.1,-763.6,4.2,0.0,4.2,caret
2018-04-26,16495.8,18913.2,-2417.5,-3.1,5.1,2.0,caret
2018-04-25,15928.7,16228.7,-300.0,1.3,0.8,2.1,caret
2018-04-24,11608.2,12023.1,-414.8,3.2,1.0,4.2,caret
2018-04-23,8782.1,8608.5,173.6,-2.4,3.8,1.4,caret
2018-04-20,2352.6,2167.7,184.9,1.6,0.0,1.6,caret
2018-04-19,1216.8,1188.4,28.5,-3.3,3.3,0.0,caret
2018-04-18,967.8,1078.2,-110.4,0.8,0.2,1.0,caret
2018-04-17,850.9,1367.1,-516.2,8.3,0.0,8.3,caret
2018-04-16,529.8,1039.7,-510.0,2.2,0.7,2.9,caret
2018-04-13,702.3,569.7,132.6,0.0,0.0,0.0,caret
2018-04-12,1590.0,687.5,902.4,7.5,0.0,7.5,caret
2018-04-11,687.5,568.1,119.4,18.5,0.0,18.5,caret
2018-04-10,999.1,654.4,344.7,0.0,0.0,0.0,caret
2018-04-09,983.0,705.9,277.1,0.0,0.0,0.0,caret
2018-04-06,647.0,494.8,152.2,0.0,0.0,0.0,caret
2018-04-05,845.8,1053.2,-207.5,0.0,0.0,0.0,caret
2018-04-04,1617.2,331.8,1285.4,0.7,0.0,0.7,caret
2018-04-03,486.5,604.5,-118.0,0.0,0.0,0.0,caret
2018-04-02,288.5,1030.2,-741.8,0.0,0.0,0.0,caret
2018-03-28,33439.6,41875.0,-8435.4,-2.5,2.5,0.0,caret
2018-03-27,15317.3,15537.8,-220.5,-0.5,0.8,0.3,caret
2018-03-26,10504.7,10702.7,-198.0,1.1,0.3,1.4,caret
2018-03-23,4081.3,3712.2,369.1,0.6,0.0,0.6,caret
2018-03-22,2917.3,2505.8,411.5,0.2,0.0,0.2,caret
2018-03-21,1936.2,1412.4,523.8,0.6,0.0,0.6,caret
2018-03-20,1370.9,1431.2,-60.3,0.0,0.0,0.0,caret
2018-03-19,724.6,874.2,-149.6,0.0,0.0,0.0,caret
2018-03-16,1127.0,1258.4,-131.4,0.0,0.0,0.0,caret
2018-03-15,823.9,864.8,-40.9,0.0,0.0,0.0,caret
2018-03-14,604.3,591.2,13.0,0.0,0.0,0.0,caret
2018-03-13,931.4,1463.7,-532.2,0.0,0.0,0.0,caret
2018-03-12,685.5,623.4,62.1,0.0,0.0,0.0,caret
2018-03-09,1084.8,416.5,668.3,0.0,0.0,0.0,caret
2018-03-08,954.6,768.6,186.0,1.3,0.0,1.3,caret
2018-03-07,949.3,1242.6,-293.3,0.0,0.0,0.0,caret
2018-03-06,1017.7,598.0,419.7,-5.4,5.4,0.0,caret
2018-03-05,1188.9,854.4,334.5,23.3,0.0,23.3,caret
2018-03-01,1088.5,706.9,381.6,0.0,0.0,0.0,caret
2018-02-28,415.8,1783.2,-1367.3,0.0,0.0,0.0,caret
2018-02-27,505.2,1175.1,-669.9,0.0,0.0,0.0,caret
2018-02-26,1276.0,2528.9,-1252.9,-1.0,1.0,0.0,caret
2018-02-23,410.9,1060.7,-649.8,3.0,0.0,3.0,caret
2018-02-22,16804.0,19787.4,-2983.4,0.0,0.0,0.0,caret
2018-02-21,15667.6,16246.3,-578.7,0.4,2.2,2.7,caret
2018-02-20,10954.8,11366.3,-411.6,0.0,0.0,0.0,caret
2018-02-19,12709.8,12983.3,-273.5,11.9,0.0,11.9,caret
2018-02-16,2823.6,3233.4,-409.9,0.0,0.1,0.1,caret
2018-02-15,1581.1,1452.9,128.2,0.6,0.0,0.6,caret
2018-02-14,2096.9,2503.8,-406.9,0.0,0.0,0.0,caret
2018-02-13,0.0,0.0,0.0,0.0,0.0,0.0,caret
2018-02-12,982.4,842.4,140.0,-0.5,0.5,0.0,caret
2018-02-09,918.0,408.6,509.4,-0.4,0.4,0.0,caret
2018-02-08,764.3,890.4,-126.1,0.6,0.0,0.6,caret
2018-02-07,1132.9,606.0,526.8,0.3,0.0,0.3,caret
2018-02-06,836.0,1220.7,-384.7,0.0,0.0,0.0,caret
2018-02-05,1291.7,921.1,370.6,0.0,0.0,0.0,caret
2018-02-02,1291.7,921.1,370.6,0.0,0.0,0.0,caret
2018-02-01,929.3,1202.4,-273.2,23.1,0.8,24.0,caret
2018-01-31,424.6,2159.6,-1734.9,45.8,0.0,45.8,caret
2018-01-30,271.3,1830.7,-1559.3,0.0,0.0,0.0,caret
2018-01-29,599.1,1360.1,-760.9,0.0,0.0,0.0,caret
2018-01-25,16667.8,21285.8,-4618.0,-0.3,19.4,19.1,caret
2018-01-24,29736.1,30739.8,-1003.6,9.8,4.9,14.8,caret
2018-01-23,11383.6,11372.0,11.5,3.2,0.0,3.2,caret
2018-01-22,7781.7,7387.7,394.1,0.0,0.0,0.0,caret
2018-01-19,1610.5,2303.4,-692.9,0.0,0.0,0.0,caret
2018-01-18,2219.1,1024.7,1194.4,-3.5,4.1,0.6,caret
2018-01-17,1782.6,2226.2,-443.5,5.6,0.0,5.6,caret
2018-01-16,1554.0,1406.8,147.2,9.4,0.0,9.4,caret
2018-01-15,1145.0,2126.1,-981.1,0.0,0.0,0.0,caret
2018-01-12,576.3,720.3,-144.0,-2.6,3.3,0.7,caret
2018-01-11,770.4,1431.1,-660.6,0.0,0.0,0.0,caret
2018-01-10,812.1,841.0,-28.9,7.4,0.0,7.4,caret
2018-01-09,2107.4,1996.4,111.0,0.0,0.0,0.0,caret
2018-01-08,1036.7,1077.9,-41.2,0.0,0.0,0.0,caret
2018-01-05,1044.8,902.0,142.8,0.0,0.0,0.0,caret
2018-01-04,718.1,474.5,243.6,0.0,0.0,0.0,caret
2018-01-03,559.0,650.0,-91.0,0.0,0.0,0.0,caret
2018-01-02,610.6,378.7,231.8,0.0,0.0,0.0,caret
2018-01-01,480.0,915.3,-435.3,0.0,0.0,0.0,caret
2017-12-29,606.3,1219.3,-613.0,0.0,0.0,0.0,caret
2017-12-28,14330.1,16128.5,-1798.4,0.0,0.0,0.0,caret
2017-12-27,17233.3,17400.5,-167.2,0.0,0.0,0.0,caret
2017-12-26,11964.4,11799.2,165.2,0.0,0.0,0.0,caret
2017-12-22,4949.6,4883.2,66.4,0.0,0.0,0.0,caret
2017-12-21,2387.0,2977.9,-590.9,0.0,0.0,0.0,caret
2017-12-20,1472.5,1691.9,-219.4,0.0,0.0,0.0,caret
2017-12-19,1158.3,782.6,375.8,0.0,0.0,0.0,caret
2017-12-18,545.8,601.2,-55.4,0.0,0.0,0.0,caret
2017-12-15,726.0,1209.6,-483.6,0.0,0.0,0.0,caret
2017-12-14,513.3,350.0,163.3,0.0,0.0,0.0,caret
2017-12-13,793.5,494.3,299.2,0.0,0.0,0.0,caret
2017-12-12,819.6,267.1,552.6,0.0,0.0,0.0,caret
2017-12-11,450.6,376.9,73.7,0.0,0.0,0.0,caret
2017-12-08,630.3,446.1,184.2,0.0,0.0,0.0,caret
2017-12-07,466.2,502.9,-36.8,0.0,0.0,0.0,caret
2017-12-06,566.4,259.6,306.8,0.0,0.0,0.0,caret
2017-12-05,674.6,498.4,176.2,0.0,0.0,0.0,caret
2017-12-04,823.0,166.0,657.0,0.0,0.0,0.0,caret
2017-12-01,594.4,286.3,308.2,0.0,0.0,0.0,caret
