date,FUTURES Gross Purchase,FUTURES Gross Sales,FUTURES Net Purchase / Sales,OPTIONS Net Purchase / Sales,OPTIONS Gross Sales,OPTIONS Gross Purchase,details
2024-11-07,43.9,16.2,27.8,-634.8,634.8,0.0,caret
2024-11-06,64.5,7.3,57.2,1293.5,0.0,1293.5,caret
2024-11-05,50.5,10.8,39.6,-465.7,690.6,225.0,caret
2024-11-04,66.8,18.9,47.8,-230.4,314.0,83.6,caret
2024-11-01,0.0,0.0,0.0,0.0,0.0,0.0,caret
2024-10-31,3293.8,3240.7,53.0,-503.5,3183.2,2679.8,caret
2024-10-30,6636.7,5881.1,755.7,-555.7,3603.7,3047.9,caret
2024-10-29,5363.1,5112.2,250.8,486.5,1605.3,2091.8,caret
2024-10-28,2950.5,3131.4,-180.9,-114.0,114.0,0.0,caret
2024-10-25,780.0,522.9,257.0,71.8,1230.8,1302.5,caret
2024-10-24,106.2,105.8,0.4,1.2,4.6,5.8,caret
2024-10-23,455.5,24.7,430.8,-0.0,1.5,1.5,caret
2024-10-22,321.6,17.1,304.4,-317.5,323.6,6.1,caret
2024-10-21,64.9,78.4,-13.5,28.9,0.0,28.9,caret
2024-10-18,103.0,36.9,66.1,0.1,45.3,45.4,caret
2024-10-17,26.7,19.4,7.2,1046.7,68.9,1115.6,caret
2024-10-16,30.0,175.1,-145.1,0.0,7.0,7.0,caret
2024-10-15,0.2,119.6,-119.4,-254.9,254.9,0.0,caret
2024-10-14,5.2,78.3,-73.2,0.4,15.3,15.8,caret
2024-10-11,0.0,32.3,-32.3,1.8,86.7,88.6,caret
2024-10-10,32.0,0.0,32.0,0.0,0.0,0.0,caret
2024-10-09,300.0,17.6,282.4,129.4,0.0,129.4,caret
2024-10-08,1083.2,77.2,1006.0,638.6,0.0,638.6,caret
2024-10-07,284.4,835.9,-551.5,-1000.3,1000.3,0.0,caret
2024-10-04,127.2,808.8,-681.6,-235.3,901.7,666.4,caret
2024-10-03,88.6,502.3,-413.7,-860.0,998.3,138.3,caret
2024-10-01,5.3,249.8,-244.6,0.0,0.0,0.0,caret
2024-09-30,9.1,141.0,-131.9,-971.4,971.4,0.0,caret
2024-09-27,5.7,0.0,5.7,0.0,0.0,0.0,caret
2024-09-26,3281.7,3265.5,16.2,-2620.5,3604.0,983.5,caret
2024-09-25,2898.0,2983.1,-85.1,-5738.0,5926.4,188.4,caret
2024-09-24,4013.9,4027.4,-13.5,-6505.4,6999.9,494.5,caret
2024-09-23,6316.0,6031.0,285.0,-8437.0,14622.3,6185.3,caret
2024-09-20,427.1,315.4,111.7,138.8,2658.8,2797.6,caret
2024-09-19,107.4,45.4,62.0,80.2,1877.5,1957.7,caret
2024-09-18,122.8,0.0,122.8,-191.0,379.8,188.8,caret
2024-09-17,137.9,2.3,135.6,0.0,0.0,0.0,caret
2024-09-16,320.5,22.2,298.3,321.6,0.0,321.6,caret
2024-09-13,1031.5,0.0,1031.5,564.3,312.4,876.6,caret
2024-09-12,50.5,633.4,-582.9,704.6,0.0,704.6,caret
2024-09-11,2.7,149.9,-147.2,-628.2,628.2,0.0,caret
2024-09-10,65.3,0.0,65.3,951.4,0.0,951.4,caret
2024-09-09,945.4,315.6,629.8,489.5,0.0,489.5,caret
2024-09-06,0.0,1035.6,-1035.6,-561.9,624.6,62.7,caret
2024-09-05,0.5,983.6,-983.1,2724.2,0.0,2724.2,caret
2024-09-04,100.9,0.0,100.9,8364.4,624.6,8989.0,caret
2024-09-03,21.9,1016.4,-994.5,524.4,52.5,577.0,caret
2024-09-02,1174.8,10.1,1164.6,4825.4,28.1,4853.5,caret
2024-08-30,506.3,75.1,431.3,1302.1,20.2,1322.3,caret
2024-08-29,3681.6,3678.6,3.0,-160.7,7648.8,7488.1,caret
2024-08-28,3854.1,3590.6,263.5,-997.8,2954.6,1956.8,caret
2024-08-27,4648.4,4458.0,190.4,320.2,44.2,364.4,caret
2024-08-26,2387.1,2322.0,65.1,44.1,848.7,892.8,caret
2024-08-23,0.0,5.2,-5.2,5993.7,6152.0,12145.7,caret
2024-08-22,62.1,67.5,-5.4,5.5,54.1,59.6,caret
2024-08-21,0.0,25.0,-25.0,163.2,65.8,229.0,caret
2024-08-20,323.8,0.0,323.8,3.1,95.6,98.7,caret
2024-08-19,918.1,3.9,914.2,-155.1,155.1,0.0,caret
2024-08-16,35.2,0.0,35.2,4.8,48.6,53.4,caret
2024-08-14,12.4,59.7,-47.3,-1333.4,1333.4,0.0,caret
2024-08-13,26.0,154.4,-128.3,-1709.6,1709.6,0.0,caret
2024-08-12,5.6,3.0,2.5,-658.3,658.3,0.0,caret
2024-08-09,0.0,82.5,-82.5,826.9,0.0,826.9,caret
2024-08-08,0.0,3.0,-3.0,-1568.4,1787.6,219.2,caret
2024-08-07,6.0,24.3,-18.3,1062.9,0.0,1062.9,caret
2024-08-06,788.0,120.3,667.6,159.2,0.0,159.2,caret
2024-08-05,356.5,368.4,-11.8,1351.7,1315.0,2666.7,caret
2024-08-02,73.0,616.2,-543.2,1849.2,1274.5,3123.7,caret
2024-08-01,17.5,3.4,14.1,1922.1,52.0,1974.1,caret
2024-07-31,19.3,176.5,-157.2,1.8,39.2,41.1,caret
2024-07-30,382.9,379.4,3.4,-306.2,326.3,20.1,caret
2024-07-29,211.2,197.3,13.8,1273.6,28.9,1302.5,caret
2024-07-26,26.1,91.8,-65.8,645.8,65.7,711.5,caret
2024-07-25,5624.2,5872.8,-248.6,1200.6,11007.8,12208.4,caret
2024-07-24,6044.5,5946.7,97.8,158.7,2231.9,2390.6,caret
2024-07-23,779.8,1404.8,-625.0,-1556.9,3214.2,1657.3,caret
2024-07-22,1310.5,437.5,873.0,3979.4,25.0,4004.4,caret
2024-07-19,77.3,88.5,-11.2,-2479.7,3001.5,521.8,caret
2024-07-18,1.1,136.4,-135.3,-526.3,1080.9,554.6,caret
2024-07-16,0.0,296.0,-296.0,23.3,13.9,37.2,caret
2024-07-15,4.6,262.8,-258.1,-44.9,73.9,29.0,caret
2024-07-12,4.6,262.8,-258.1,-44.9,73.9,29.0,caret
2024-07-11,1.7,21.4,-19.6,4.5,9.1,13.6,caret
2024-07-10,220.6,194.7,25.9,3890.8,3673.7,7564.6,caret
2024-07-09,76.4,774.6,-698.2,3550.8,0.0,3550.8,caret
2024-07-08,0.0,97.1,-97.1,1915.5,0.8,1916.3,caret
2024-07-05,6.8,61.0,-54.2,704.8,595.6,1300.5,caret
2024-07-04,80.7,0.0,80.7,620.7,5.9,626.6,caret
2024-07-03,87.9,955.5,-867.6,39.9,6.6,46.5,caret
2024-07-02,18.6,0.0,18.6,3.6,3.0,6.6,caret
2024-07-01,1.4,8.0,-6.6,308.5,0.0,308.5,caret
2024-06-28,108.4,10.7,97.8,440.5,0.0,440.5,caret
2024-06-27,2996.8,2916.4,80.4,1537.0,601.6,2138.5,caret
2024-06-26,2621.4,2550.6,70.7,-540.2,1191.8,651.6,caret
2024-06-25,4321.3,4290.1,31.2,1458.4,49.9,1508.4,caret
2024-06-24,2401.8,3398.3,-996.4,2487.0,54.8,2541.8,caret
2024-06-21,15.8,28.7,-12.8,-65.5,295.3,229.8,caret
2024-06-20,2.0,910.9,-908.9,929.5,197.5,1126.9,caret
2024-06-19,1.9,410.1,-408.2,260.6,1454.4,1715.0,caret
2024-06-18,5.4,30.9,-25.5,664.0,0.0,664.0,caret
2024-06-14,0.0,760.4,-760.4,-386.9,722.9,336.0,caret
2024-06-13,65.5,29.2,36.2,95.6,281.6,377.2,caret
2024-06-12,52.0,1165.8,-1113.8,-1327.3,2549.4,1222.1,caret
2024-06-11,59.6,317.8,-258.2,-1141.3,1408.3,267.0,caret
2024-06-10,287.3,30.9,256.4,-2172.0,2172.0,0.0,caret
2024-06-07,1086.6,926.4,160.2,443.8,450.0,893.8,caret
2024-06-06,1.0,52.0,-51.0,878.2,0.0,878.2,caret
2024-06-05,145.5,220.7,-75.2,1999.6,14.6,2014.2,caret
2024-06-04,810.8,801.3,9.5,296.8,1921.5,2218.3,caret
2024-06-03,887.9,82.4,805.5,-2281.2,2281.2,0.0,caret
2024-05-30,1879.2,1642.4,236.8,1744.6,2945.3,4689.9,caret
2024-05-29,4414.4,4031.6,382.8,-136.3,2372.1,2235.9,caret
2024-05-28,5310.7,4965.8,345.0,367.1,972.8,1339.9,caret
2024-05-27,583.4,560.0,23.4,342.0,842.2,1184.3,caret
2024-05-24,517.6,11.5,506.1,45.5,44.5,90.0,caret
2024-05-23,23.4,205.4,-182.0,363.5,394.1,757.6,caret
2024-05-22,298.8,0.0,298.8,0.3,22.1,22.4,caret
2024-05-21,2.0,7.5,-5.5,111.8,9.4,121.3,caret
2024-05-18,0.0,0.0,0.0,0.0,0.0,0.0,caret
2024-05-17,33.4,6.7,26.7,-142.9,209.8,66.9,caret
2024-05-16,98.7,0.0,98.7,-10.0,75.1,65.0,caret
2024-05-15,24.2,0.0,24.2,0.3,25.8,26.1,caret
2024-05-14,12.4,9.4,2.9,200.6,64.3,264.9,caret
2024-05-13,231.0,3.5,227.6,-356.5,439.2,82.6,caret
2024-05-10,13.6,110.6,-97.0,426.5,138.4,564.9,caret
2024-05-09,424.7,2.5,422.2,-448.2,782.2,334.0,caret
2024-05-08,68.1,3.5,64.6,-162.8,203.7,40.9,caret
2024-05-07,250.3,0.0,250.3,436.6,285.7,722.3,caret
2024-05-06,22.6,66.6,-44.0,509.3,2.3,511.6,caret
2024-05-03,1.2,18.4,-17.2,-667.1,765.1,98.0,caret
2024-05-02,7.4,4.6,2.8,304.2,17.5,321.7,caret
2024-04-30,12.7,47.6,-34.9,50.8,0.0,50.8,caret
2024-04-29,6.4,28.7,-22.2,2352.8,15.9,2368.7,caret
2024-04-26,2.0,4.6,-2.6,790.4,5.9,796.3,caret
2024-04-25,1124.8,741.9,382.9,217.4,3008.9,3226.3,caret
2024-04-24,4202.9,3644.8,558.1,731.6,1740.5,2472.0,caret
2024-04-22,667.3,871.1,-203.8,651.2,13.0,664.2,caret
2024-04-19,231.7,234.1,-2.4,453.0,353.0,806.0,caret
2024-04-18,0.0,82.8,-82.8,766.6,379.6,1146.2,caret
2024-04-16,0.0,34.5,-34.5,-521.2,527.7,6.5,caret
2024-04-15,10.8,221.9,-211.1,-336.1,353.8,17.7,caret
2024-04-12,339.5,22.6,316.8,-70.0,230.2,160.2,caret
2024-04-10,0.0,373.5,-373.5,570.2,9.9,580.1,caret
2024-04-09,7.6,327.7,-320.1,4.4,5.4,9.9,caret
2024-04-08,106.4,398.7,-292.3,0.0,0.0,0.0,caret
2024-04-05,1.8,51.6,-49.8,161.0,112.1,273.1,caret
2024-04-04,78.8,20.2,58.6,66.8,0.0,66.8,caret
2024-04-03,0.0,1.7,-1.7,-111.3,111.3,0.0,caret
2024-04-02,0.0,153.1,-153.1,0.0,0.0,0.0,caret
2024-04-01,9.0,0.0,9.0,-12.5,12.5,0.0,caret
2024-03-28,2915.0,2252.9,662.0,2474.7,1694.7,4169.4,caret
2024-03-27,4645.8,4756.6,-110.8,937.9,2.4,940.3,caret
2024-03-26,3355.8,2607.1,748.7,-396.0,1546.5,1150.5,caret
2024-03-22,605.2,107.3,497.8,-75.3,119.3,44.1,caret
2024-03-21,105.0,104.1,0.8,36.5,6.8,43.3,caret
2024-03-20,3.8,548.3,-544.4,2.3,7.0,9.3,caret
2024-03-19,1799.0,1.7,1797.4,7.0,0.0,7.0,caret
2024-03-18,114.3,573.2,-458.9,-1.2,1.2,0.0,caret
2024-03-15,88.5,0.0,88.5,-0.0,1.3,1.3,caret
2024-03-14,47.5,2.1,45.4,280.7,1.3,282.0,caret
2024-03-13,1133.5,114.2,1019.3,461.6,0.0,461.6,caret
2024-03-12,9.3,389.1,-379.8,0.0,0.0,0.0,caret
2024-03-11,1137.5,2.6,1134.9,3.0,15.6,18.7,caret
2024-03-07,84.8,342.2,-257.4,6.5,31.8,38.3,caret
2024-03-06,235.0,216.4,18.7,8.1,38.9,47.0,caret
2024-03-05,510.0,46.6,463.4,4.5,47.6,52.1,caret
2024-03-04,491.3,21.4,469.9,522.8,39.8,562.5,caret
2024-03-01,48.7,869.2,-820.5,97.8,87.8,185.6,caret
2024-02-29,1566.9,999.5,567.4,136.3,603.4,739.7,caret
2024-02-28,3106.8,3282.3,-175.6,-391.1,917.2,526.1,caret
2024-02-27,5848.6,6297.3,-448.8,828.7,441.3,1270.0,caret
2024-02-26,3255.1,3259.4,-4.3,-122.3,713.4,591.2,caret
2024-02-23,1035.6,797.6,238.0,1588.3,0.0,1588.3,caret
2024-02-22,5.7,840.4,-834.7,0.0,0.0,0.0,caret
2024-02-21,472.8,140.7,332.1,0.0,0.0,0.0,caret
2024-02-20,3.0,553.4,-550.4,0.0,0.0,0.0,caret
2024-02-19,248.7,170.4,78.3,0.0,0.0,0.0,caret
2024-02-16,23.3,282.1,-258.7,443.6,0.0,443.6,caret
2024-02-15,473.2,5.8,467.3,34.9,0.0,34.9,caret
2024-02-14,513.0,728.6,-215.6,0.0,0.0,0.0,caret
2024-02-13,243.8,166.6,77.2,5.3,95.9,101.2,caret
2024-02-12,276.8,0.0,276.8,11.7,209.8,221.5,caret
2024-02-09,273.6,0.7,272.9,5.3,95.2,100.5,caret
2024-02-08,605.8,0.9,604.9,0.0,0.0,0.0,caret
2024-02-07,224.1,0.4,223.7,0.0,0.0,0.0,caret
2024-02-06,9.2,4.2,5.0,0.0,0.0,0.0,caret
2024-02-05,0.4,4.7,-4.2,0.0,0.0,0.0,caret
2024-02-02,1.2,147.5,-146.3,-2.8,2.8,0.0,caret
2024-02-01,273.1,56.4,216.8,0.0,0.0,0.0,caret
2024-01-31,653.9,168.6,485.3,332.2,2.6,334.8,caret
2024-01-30,192.4,164.0,28.4,353.5,0.0,353.5,caret
2024-01-29,16.6,560.2,-543.7,104.2,0.0,104.2,caret
2024-01-25,4050.8,3799.2,251.6,244.2,402.9,647.2,caret
2024-01-24,5532.5,6078.7,-546.2,-863.4,866.0,2.6,caret
2024-01-23,5553.2,5298.0,255.2,-117.2,335.9,218.8,caret
2024-01-20,124.4,108.4,16.0,0.0,0.0,0.0,caret
2024-01-19,86.5,327.2,-240.7,-114.8,114.8,0.0,caret
2024-01-18,16.2,155.9,-139.7,-579.7,670.4,90.6,caret
2024-01-17,24.2,182.6,-158.3,-819.0,821.3,2.3,caret
2024-01-16,29.8,4.3,25.5,-270.6,270.6,0.0,caret
2024-01-15,142.1,491.6,-349.5,-5.9,39.4,33.5,caret
2024-01-12,11.0,25.2,-14.3,761.4,0.0,761.4,caret
2024-01-11,0.0,684.7,-684.7,0.4,0.0,0.4,caret
2024-01-10,215.6,170.6,45.0,-0.4,0.4,0.0,caret
2024-01-09,540.8,544.1,-3.3,3.0,0.0,3.0,caret
2024-01-08,2.7,111.1,-108.4,629.2,0.0,629.2,caret
2024-01-05,112.2,0.0,112.2,62.8,0.0,62.8,caret
2024-01-04,20.0,83.0,-63.0,235.9,0.0,235.9,caret
2024-01-03,3.6,694.9,-691.3,129.9,1126.5,1256.4,caret
2024-01-02,3.0,1584.9,-1581.9,1168.7,0.0,1168.7,caret
2024-01-01,0.0,483.6,-483.6,22.1,0.0,22.1,caret
2023-12-29,461.2,1473.0,-1011.8,1222.8,0.0,1222.8,caret
2023-12-28,1667.7,1939.4,-271.7,248.4,0.0,248.4,caret
2023-12-27,5277.4,5284.7,-7.2,0.0,0.0,0.0,caret
2023-12-26,736.1,1586.6,-850.6,1.5,26.7,28.2,caret
2023-12-22,736.1,1586.6,-850.6,1.5,26.7,28.2,caret
2023-12-21,325.9,91.8,234.1,4.0,33.5,37.5,caret
2023-12-20,735.3,180.5,554.8,8.2,0.0,8.2,caret
2023-12-19,558.7,1204.5,-645.8,-613.5,2186.8,1573.4,caret
2023-12-18,2.8,0.0,2.8,725.6,462.6,1188.1,caret
2023-12-15,382.9,16.5,366.4,855.1,1084.4,1939.5,caret
2023-12-14,1717.2,791.4,925.8,347.0,307.8,654.7,caret
2023-12-13,20.9,0.4,20.4,599.8,0.0,599.8,caret
2023-12-12,34.3,602.0,-567.8,-241.4,308.2,66.8,caret
2023-12-11,45.3,660.3,-615.0,0.0,0.0,0.0,caret
2023-12-08,34.3,0.4,33.8,635.0,114.7,749.7,caret
2023-12-07,45.4,409.9,-364.5,20.3,0.0,20.3,caret
2023-12-06,25.2,157.1,-131.9,558.0,0.0,558.0,caret
2023-12-05,111.7,213.0,-101.3,699.3,0.0,699.3,caret
2023-12-04,1651.7,111.7,1540.0,-2018.9,2786.7,767.8,caret
2023-12-01,0.0,5.4,-5.4,550.0,23.0,573.0,caret
2023-11-30,4111.2,3760.0,351.3,3554.0,600.3,4154.3,caret
2023-11-29,4401.1,4394.9,6.2,0.0,0.0,0.0,caret
2023-11-28,3594.5,3443.2,151.3,-1206.4,1206.4,0.0,caret
2023-11-24,249.8,375.4,-125.6,159.5,688.4,847.9,caret
2023-11-23,42.6,0.0,42.6,366.6,167.0,533.6,caret
2023-11-22,70.8,16.9,54.0,234.8,0.0,234.8,caret
2023-11-21,87.9,198.4,-110.5,226.4,0.0,226.4,caret
2023-11-20,35.3,208.6,-173.3,64.3,0.0,64.3,caret
2023-11-17,36.0,57.5,-21.4,0.0,0.0,0.0,caret
2023-11-16,84.4,333.4,-249.1,-107.2,505.4,398.2,caret
2023-11-15,122.2,29.6,92.6,346.5,399.5,746.0,caret
2023-11-13,155.8,1.2,154.6,0.0,0.0,0.0,caret
2023-11-10,2.1,68.8,-66.6,0.0,0.0,0.0,caret
2023-11-09,331.1,0.1,331.0,-241.6,268.1,26.5,caret
2023-11-08,10.0,44.3,-34.2,-0.8,27.1,26.4,caret
2023-11-07,20.7,6.4,14.3,-0.6,22.1,21.5,caret
2023-11-06,718.2,5.1,713.2,246.3,0.0,246.3,caret
2023-11-03,27.9,52.1,-24.2,502.5,0.0,502.5,caret
2023-11-02,71.2,39.3,32.0,16.5,0.0,16.5,caret
2023-11-01,270.3,36.0,234.3,8.8,0.0,8.8,caret
2023-10-31,88.6,207.2,-118.5,554.7,0.0,554.7,caret
2023-10-30,359.4,276.1,83.3,10.4,0.0,10.4,caret
2023-10-27,398.7,156.0,242.6,292.6,0.0,292.6,caret
2023-10-26,4324.2,2856.8,1467.4,-119.0,733.3,614.3,caret
2023-10-25,6383.6,6244.0,139.6,-2621.7,4059.8,1438.1,caret
2023-10-23,1619.2,2053.0,-433.8,-1946.8,2840.8,894.1,caret
2023-10-20,66.9,20.7,46.2,0.0,0.0,0.0,caret
2023-10-19,0.5,59.4,-58.9,801.8,220.5,1022.3,caret
2023-10-18,297.9,29.0,268.8,0.0,0.0,0.0,caret
2023-10-17,0.0,63.0,-63.0,0.0,0.0,0.0,caret
2023-10-16,180.2,70.8,109.4,123.4,0.0,123.4,caret
2023-10-13,3.2,7.0,-3.8,-133.4,396.6,263.2,caret
2023-10-12,0.0,51.8,-51.8,203.8,0.0,203.8,caret
2023-10-11,0.0,32.8,-32.8,-1244.6,1710.8,466.2,caret
2023-10-10,58.2,100.0,-41.8,-527.7,971.2,443.6,caret
2023-10-09,640.2,88.7,551.5,-102.7,249.5,146.8,caret
2023-10-06,121.0,411.2,-290.3,630.4,0.0,630.4,caret
2023-10-05,11.7,171.2,-159.5,531.3,0.0,531.3,caret
2023-10-04,185.0,38.8,146.2,59.6,501.4,560.9,caret
2023-10-03,99.8,2.9,96.9,-81.1,249.8,168.6,caret
2023-09-29,397.6,47.3,350.3,2851.6,0.0,2851.6,caret
2023-09-28,2670.3,2345.0,325.3,2418.3,1631.0,4049.3,caret
2023-09-27,2735.6,2762.5,-26.9,2750.0,2411.9,5161.9,caret
2023-09-26,3251.5,3427.8,-176.3,206.7,0.0,206.7,caret
2023-09-25,2131.7,2164.4,-32.7,0.0,0.0,0.0,caret
2023-09-22,63.6,1.6,62.0,598.0,0.0,598.0,caret
2023-09-21,4.0,306.4,-302.5,-693.6,769.6,76.0,caret
2023-09-20,8.0,64.5,-56.5,-2139.6,2139.6,0.0,caret
2023-09-18,0.0,80.8,-80.8,-250.8,250.8,0.0,caret
2023-09-15,1.0,26.0,-25.0,-369.6,1609.2,1239.7,caret
2023-09-14,2.2,0.0,2.2,25.9,0.0,25.9,caret
2023-09-13,66.3,18.3,48.1,565.2,0.0,565.2,caret
2023-09-12,81.0,35.7,45.3,814.4,34.4,848.8,caret
2023-09-11,200.2,59.8,140.4,1274.0,0.0,1274.0,caret
2023-09-08,0.8,13.9,-13.1,825.0,0.0,825.0,caret
2023-09-07,56.5,4.6,52.0,1641.0,0.0,1641.0,caret
2023-09-06,12.5,9.1,3.4,520.0,0.0,520.0,caret
2023-09-05,2.5,19.6,-17.2,1016.7,0.0,1016.7,caret
2023-09-04,3.7,3.5,0.2,502.6,33.5,536.1,caret
2023-09-01,0.7,16.2,-15.6,932.2,172.8,1104.9,caret
2023-08-31,3494.1,3376.3,117.8,312.5,213.0,525.4,caret
2023-08-30,3348.6,3348.7,-0.1,-3450.0,4096.3,646.3,caret
2023-08-29,1533.1,1566.1,-33.0,880.3,261.7,1142.0,caret
2023-08-28,2292.8,2217.3,75.5,739.4,120.2,859.6,caret
2023-08-25,2.1,4.8,-2.7,253.4,1317.7,1571.0,caret
2023-08-24,76.3,60.6,15.7,0.0,0.0,0.0,caret
2023-08-23,108.0,0.0,108.0,2.3,56.2,58.5,caret
2023-08-22,78.2,0.0,78.2,102.7,0.0,102.7,caret
2023-08-21,23.3,1.2,22.2,161.2,44.6,205.8,caret
2023-08-18,2.7,44.5,-41.8,961.5,22.3,983.8,caret
2023-08-17,1.0,0.1,0.8,1643.8,250.4,1894.1,caret
2023-08-16,20.7,0.0,20.7,0.0,0.0,0.0,caret
2023-08-14,59.3,14.2,45.1,-298.6,298.6,0.0,caret
2023-08-11,0.0,242.9,-242.9,0.0,0.0,0.0,caret
2023-08-10,17.7,0.5,17.2,-56.0,56.0,0.0,caret
2023-08-09,5.8,98.8,-93.1,215.2,80.9,296.1,caret
2023-08-08,0.0,0.0,0.0,194.2,38.3,232.5,caret
2023-08-07,8.2,171.6,-163.5,151.0,125.2,276.2,caret
2023-08-04,11.1,237.8,-226.8,651.9,0.0,651.9,caret
2023-08-03,197.6,46.8,150.8,609.4,99.6,709.0,caret
2023-08-02,831.1,127.2,703.9,3300.0,0.0,3300.0,caret
2023-08-01,502.8,58.7,444.1,243.3,10.3,253.6,caret
2023-07-31,30.2,4.2,26.1,-191.3,401.4,210.1,caret
2023-07-28,245.7,253.3,-7.6,1375.3,18.7,1394.0,caret
2023-07-27,3900.9,3949.0,-48.2,491.1,249.6,740.7,caret
2023-07-26,1743.6,1870.1,-126.4,660.6,250.8,911.4,caret
2023-07-25,3296.9,3350.5,-53.6,-27.9,49.3,21.4,caret
2023-07-24,2340.0,2386.3,-46.3,-254.0,254.0,0.0,caret
2023-07-21,81.5,71.7,9.7,-201.6,201.6,0.0,caret
2023-07-20,78.0,626.8,-548.8,806.5,0.0,806.5,caret
2023-07-19,0.0,136.6,-136.6,602.3,0.0,602.3,caret
2023-07-18,88.3,20.0,68.3,349.1,0.0,349.1,caret
2023-07-17,105.7,709.3,-603.6,-389.4,587.0,197.6,caret
2023-07-14,100.2,546.2,-446.0,0.0,0.0,0.0,caret
2023-07-13,152.4,212.6,-60.2,0.0,0.0,0.0,caret
2023-07-12,5.4,126.7,-121.4,0.0,0.0,0.0,caret
2023-07-11,118.2,119.3,-1.1,0.0,0.0,0.0,caret
2023-07-10,1.0,142.7,-141.7,39.7,0.0,39.7,caret
2023-07-07,0.0,509.7,-509.7,147.4,0.0,147.4,caret
2023-07-06,81.5,262.6,-181.2,1420.4,0.0,1420.4,caret
2023-07-05,91.2,118.6,-27.4,914.4,0.0,914.4,caret
2023-07-04,3.9,27.8,-23.9,0.0,0.0,0.0,caret
2023-07-03,533.3,101.8,431.5,0.0,0.0,0.0,caret
2023-06-30,96.2,12.9,83.3,-99.2,99.2,0.0,caret
2023-06-28,3556.0,3864.4,-308.4,-636.8,666.4,29.6,caret
2023-06-27,2150.1,2520.6,-370.5,-1.6,32.4,30.8,caret
2023-06-26,2602.8,2682.2,-79.4,301.3,44.1,345.4,caret
2023-06-23,936.3,376.5,559.9,-6333.4,6737.7,404.2,caret
2023-06-22,202.8,373.4,-170.7,112.2,0.0,112.2,caret
2023-06-21,6.9,331.5,-324.6,0.0,0.0,0.0,caret
2023-06-20,96.4,229.0,-132.6,0.0,0.0,0.0,caret
2023-06-19,141.0,25.6,115.4,0.0,0.0,0.0,caret
2023-06-16,4.5,471.5,-467.1,0.0,0.0,0.0,caret
2023-06-15,192.1,2.6,189.5,111.8,0.0,111.8,caret
2023-06-14,284.7,5.5,279.2,286.8,68.0,354.9,caret
2023-06-13,110.4,221.0,-110.6,68.7,15.4,84.2,caret
2023-06-12,6.2,93.2,-87.1,0.0,0.0,0.0,caret
2023-06-09,567.3,1.3,566.0,0.0,0.0,0.0,caret
2023-06-08,2.8,14.1,-11.3,283.7,0.0,283.7,caret
2023-06-07,353.9,413.3,-59.4,0.0,0.0,0.0,caret
2023-06-06,479.8,142.0,337.8,111.4,0.0,111.4,caret
2023-06-05,21.1,214.3,-193.2,-232.8,232.8,0.0,caret
2023-06-02,0.0,282.9,-282.9,-388.3,388.3,0.0,caret
2023-06-01,686.9,0.0,686.9,-57.8,57.8,0.0,caret
2023-05-31,468.9,0.0,468.9,0.0,0.0,0.0,caret
2023-05-30,6.9,5.2,1.8,0.0,0.0,0.0,caret
2023-05-29,0.0,466.7,-466.7,0.0,0.0,0.0,caret
2023-05-26,0.0,623.7,-623.7,0.0,0.0,0.0,caret
2023-05-25,2075.7,1723.0,352.7,424.2,1342.2,1766.4,caret
2023-05-24,3138.1,3435.6,-297.6,-30.4,30.4,0.0,caret
2023-05-23,2097.0,2100.4,-3.4,0.0,0.0,0.0,caret
2023-05-22,1104.9,1664.6,-559.7,0.0,0.0,0.0,caret
2023-05-19,453.3,282.4,170.8,0.0,0.0,0.0,caret
2023-05-18,138.4,249.6,-111.2,0.0,0.0,0.0,caret
2023-05-17,590.9,1.0,589.9,2612.2,0.0,2612.2,caret
2023-05-16,348.9,0.0,348.9,0.0,0.0,0.0,caret
2023-05-15,0.0,615.6,-615.6,99.3,0.0,99.3,caret
2023-05-12,219.4,298.8,-79.5,0.0,0.0,0.0,caret
2023-05-11,6.5,289.7,-283.2,1851.3,0.0,1851.3,caret
2023-05-10,315.3,119.0,196.3,2496.9,413.0,2909.9,caret
2023-05-09,102.6,331.7,-229.1,0.0,0.0,0.0,caret
2023-05-08,0.0,1170.0,-1170.0,394.2,21.2,415.4,caret
2023-05-05,373.3,1.1,372.2,63.1,64.6,127.8,caret
2023-05-04,24.6,45.8,-21.2,6.6,38.3,44.9,caret
2023-05-03,375.9,103.7,272.2,0.0,0.0,0.0,caret
2023-05-02,34.2,395.8,-361.7,0.0,0.0,0.0,caret
2023-04-28,4.8,375.1,-370.2,0.0,0.0,0.0,caret
2023-04-27,1888.9,1296.2,592.6,-210.1,544.1,334.0,caret
2023-04-26,1798.1,2387.3,-589.2,-128.9,624.2,495.3,caret
2023-04-25,1952.3,2481.1,-528.8,18.5,488.4,506.9,caret
2023-04-24,614.3,977.9,-363.6,4.9,111.5,116.4,caret
2023-04-21,209.8,100.7,109.1,0.0,0.0,0.0,caret
2023-04-20,176.3,7.0,169.3,0.0,0.0,0.0,caret
2023-04-19,179.6,4.8,174.9,-20.9,20.9,0.0,caret
2023-04-18,536.1,487.4,48.7,132.5,0.0,132.5,caret
2023-04-17,619.7,2.9,616.8,0.0,0.0,0.0,caret
2023-04-13,19.6,1425.7,-1406.1,0.0,0.0,0.0,caret
2023-04-12,31.2,732.4,-701.2,88.9,0.0,88.9,caret
2023-04-11,4.6,30.9,-26.3,0.0,0.0,0.0,caret
2023-04-10,19.5,159.1,-139.5,0.0,0.0,0.0,caret
2023-04-06,184.6,510.6,-326.0,0.0,0.0,0.0,caret
2023-04-05,221.9,918.6,-696.7,-2.4,95.1,92.6,caret
2023-04-03,162.8,872.6,-709.9,-0.9,32.9,32.0,caret
2023-03-31,459.2,620.2,-161.0,-5.6,5.6,0.0,caret
2023-03-29,3467.1,4186.8,-719.7,-1.8,455.8,454.0,caret
2023-03-28,3240.8,2749.5,491.2,-17.1,549.1,532.0,caret
2023-03-27,1752.5,1777.7,-25.2,119.4,720.6,840.0,caret
2023-03-24,724.2,167.4,556.7,0.0,0.0,0.0,caret
2023-03-23,560.6,172.4,388.2,0.0,0.0,0.0,caret
2023-03-22,1.7,430.6,-428.9,137.6,0.0,137.6,caret
2023-03-21,256.5,163.3,93.2,0.0,0.0,0.0,caret
2023-03-20,759.1,330.2,428.9,68.5,0.0,68.5,caret
2023-03-17,100.9,192.0,-91.1,179.2,0.0,179.2,caret
2023-03-16,431.5,368.7,62.8,-170.5,179.5,9.0,caret
2023-03-15,472.6,280.6,192.0,178.9,0.0,178.9,caret
2023-03-14,2020.6,0.1,2020.6,0.0,0.0,0.0,caret
2023-03-13,730.4,473.6,256.8,189.9,0.0,189.9,caret
2023-03-10,741.4,98.6,642.8,0.0,0.0,0.0,caret
2023-03-09,441.5,187.0,254.6,0.0,0.0,0.0,caret
2023-03-08,132.5,176.0,-43.5,70.8,0.0,70.8,caret
2023-03-06,19.8,7320.0,-7300.2,0.0,0.0,0.0,caret
2023-03-03,195.7,26.5,169.2,0.0,0.0,0.0,caret
2023-03-02,182.0,1.4,180.6,-8.4,169.3,160.9,caret
2023-03-01,147.4,382.5,-235.1,0.0,0.0,0.0,caret
2023-02-28,819.9,14.3,805.6,-11.0,224.6,213.5,caret
2023-02-27,2989.9,819.0,2170.9,1484.1,0.0,1484.1,caret
2023-02-24,266.0,266.4,-0.4,0.0,0.0,0.0,caret
2023-02-23,3592.6,3455.0,137.6,54.4,207.5,261.9,caret
2023-02-22,1174.1,631.9,542.2,-127.9,756.0,628.2,caret
2023-02-21,1329.3,1529.3,-200.0,42.8,761.4,804.3,caret
2023-02-20,1671.1,2240.8,-569.7,0.0,0.0,0.0,caret
2023-02-17,270.0,73.5,196.5,0.0,0.0,0.0,caret
2023-02-16,187.0,193.0,-6.1,0.0,0.0,0.0,caret
2023-02-15,2.3,103.9,-101.6,0.0,0.0,0.0,caret
2023-02-14,0.0,376.0,-376.0,0.0,0.0,0.0,caret
2023-02-13,0.6,651.2,-650.6,0.0,0.0,0.0,caret
2023-02-10,268.1,12.5,255.6,0.0,0.0,0.0,caret
2023-02-09,44.8,9.1,35.8,0.0,0.0,0.0,caret
2023-02-08,44.7,739.7,-695.0,0.0,0.0,0.0,caret
2023-02-07,169.4,209.7,-40.3,0.0,0.0,0.0,caret
2023-02-06,180.4,0.0,180.4,-136.7,136.7,0.0,caret
2023-02-03,459.2,707.2,-248.0,0.1,22.0,22.1,caret
2023-02-02,550.1,110.0,440.1,0.1,26.3,26.4,caret
2023-02-01,696.9,511.8,185.1,0.1,37.3,37.4,caret
2023-01-31,1711.6,0.0,1711.6,-40.0,61.6,21.6,caret
2023-01-30,2046.5,40.8,2005.6,-165.3,171.9,6.6,caret
2023-01-27,907.4,45.0,862.4,1005.6,14.9,1020.6,caret
2023-01-25,3245.5,2793.0,452.6,-866.4,1809.5,943.1,caret
2023-01-24,3467.4,3710.7,-243.3,2.6,145.4,148.0,caret
2023-01-23,3049.8,3068.0,-18.2,72.9,223.8,296.6,caret
2023-01-20,166.8,605.9,-439.2,-91.1,91.1,0.0,caret
2023-01-19,5.0,0.7,4.3,0.0,0.0,0.0,caret
2023-01-18,3.5,361.3,-357.8,61.1,0.0,61.1,caret
2023-01-17,3.5,361.3,-357.8,61.1,0.0,61.1,caret
2023-01-16,179.4,0.0,179.4,0.0,0.0,0.0,caret
2023-01-13,588.7,361.8,226.8,38.1,0.0,38.1,caret
2023-01-12,283.6,179.9,103.7,0.0,0.0,0.0,caret
2023-01-11,54.4,210.6,-156.2,-22.0,22.0,0.0,caret
2023-01-10,540.8,4.4,536.4,-44.0,44.0,0.0,caret
2023-01-09,0.0,354.0,-354.0,0.0,0.0,0.0,caret
2023-01-06,770.2,254.1,516.1,-306.3,306.3,0.0,caret
2022-12-30,362.2,106.0,256.2,-0.7,187.7,186.9,caret
2022-12-29,1524.1,1470.1,54.1,-58.4,468.8,410.4,caret
2022-12-28,2755.4,2555.8,199.6,191.5,728.7,920.2,caret
2022-12-27,1256.0,2069.2,-813.2,277.5,0.0,277.5,caret
2022-12-26,495.2,2277.0,-1781.8,0.0,0.0,0.0,caret
2022-12-23,1858.0,443.5,1414.5,-213.6,696.7,483.1,caret
2022-12-22,238.2,274.8,-36.6,0.0,0.0,0.0,caret
2022-12-21,463.8,191.2,272.5,58.3,0.0,58.3,caret
2022-12-20,91.9,598.4,-506.5,-386.5,386.5,0.0,caret
2022-12-19,91.8,101.9,-10.1,-615.6,816.3,200.7,caret
2022-12-16,671.8,432.6,239.2,393.8,0.0,393.8,caret
2022-12-15,192.6,10.0,182.6,195.5,0.0,195.5,caret
2022-12-14,20.8,470.0,-449.1,0.0,0.0,0.0,caret
2022-12-13,241.6,4.8,236.8,0.0,0.0,0.0,caret
2022-12-12,185.0,0.0,185.0,0.0,0.0,0.0,caret
2022-12-09,283.2,0.1,283.1,0.0,0.0,0.0,caret
2022-12-06,421.2,28.7,392.5,0.0,0.0,0.0,caret
2022-12-05,155.4,19.0,136.4,0.0,0.0,0.0,caret
2022-12-02,94.4,80.8,13.6,271.2,0.0,271.2,caret
2022-12-01,168.3,0.1,168.2,413.4,0.0,413.4,caret
2022-11-30,345.2,0.1,345.1,653.8,0.0,653.8,caret
2022-11-29,281.6,0.2,281.4,216.6,0.0,216.6,caret
2022-11-28,0.1,1.8,-1.7,0.3,66.4,66.8,caret
2022-11-25,277.2,0.2,277.0,305.2,61.3,366.6,caret
2022-11-24,2955.7,2799.5,156.2,-53.9,53.9,0.0,caret
2022-11-23,4226.8,4292.8,-66.0,0.0,0.0,0.0,caret
2022-11-22,1574.4,1512.8,61.6,0.0,0.0,0.0,caret
2022-11-21,1376.4,1461.7,-85.3,-375.0,375.0,0.0,caret
2022-11-18,126.2,233.8,-107.6,-184.2,185.0,0.7,caret
2022-11-17,0.1,92.2,-92.1,399.5,0.0,399.5,caret
2022-11-16,13.8,0.1,13.8,330.8,91.4,422.2,caret
2022-11-15,0.1,37.1,-37.0,0.0,0.0,0.0,caret
2022-11-14,8.9,0.1,8.8,-203.0,203.0,0.0,caret
2022-11-11,0.7,18.6,-17.9,278.5,0.0,278.5,caret
2022-11-10,75.0,29.2,45.8,-644.7,644.7,0.0,caret
2022-11-09,0.0,1.6,-1.6,235.4,0.0,235.4,caret
2022-11-07,31.0,44.1,-13.1,0.0,0.0,0.0,caret
2022-11-04,25.1,79.5,-54.4,-0.2,15.8,15.6,caret
2022-11-03,9.0,46.7,-37.7,403.7,24.5,428.2,caret
2022-11-02,41.8,272.3,-230.5,9.5,20.0,29.5,caret
2022-11-01,93.9,19.8,74.1,181.7,25.2,206.8,caret
2022-10-31,112.1,41.3,70.8,231.7,30.3,262.0,caret
2022-10-28,45.7,218.3,-172.6,235.4,22.3,257.7,caret
2022-10-27,3803.5,3755.4,48.1,1.0,18.3,19.3,caret
2022-10-25,3330.5,3738.1,-407.6,71.2,61.5,132.7,caret
2022-10-24,0.0,0.0,0.0,0.0,0.0,0.0,caret
2022-10-21,1461.0,1730.3,-269.3,-598.3,653.8,55.6,caret
2022-10-20,1236.9,1376.8,-139.9,93.2,37.0,130.2,caret
2022-10-19,185.4,619.4,-434.0,55.7,0.0,55.7,caret
2022-10-18,608.4,350.0,258.4,-0.7,107.0,106.3,caret
2022-10-17,329.4,132.2,197.1,0.0,0.0,0.0,caret
2022-10-14,267.5,831.6,-564.1,0.0,0.0,0.0,caret
2022-10-13,407.3,111.3,296.0,-91.7,91.7,0.0,caret
2022-10-12,414.3,698.0,-283.8,0.0,0.0,0.0,caret
2022-10-11,629.0,272.2,356.8,-91.2,91.2,0.0,caret
2022-10-10,102.0,618.6,-516.6,-13.5,89.8,76.3,caret
2022-10-07,8.8,465.0,-456.2,126.1,0.0,126.1,caret
2022-10-06,0.0,1418.2,-1418.2,0.0,0.0,0.0,caret
2022-10-04,83.6,1187.5,-1104.0,100.6,0.0,100.6,caret
2022-10-03,1025.2,320.4,704.8,0.0,0.0,0.0,caret
2022-09-30,359.3,849.2,-489.9,325.7,138.0,463.7,caret
2022-09-29,904.1,1198.9,-294.9,-0.1,61.3,61.2,caret
2022-09-28,3828.1,3681.5,146.6,-415.7,964.5,548.8,caret
2022-09-27,1599.4,1747.9,-148.5,-554.1,1085.5,531.4,caret
2022-09-26,1417.8,799.6,618.2,-2871.9,2871.9,0.0,caret
2022-09-23,1304.7,206.2,1098.5,1.7,40.8,42.4,caret
2022-09-22,2.6,560.2,-557.7,-452.4,452.4,0.0,caret
2022-09-21,178.2,40.8,137.4,-271.6,271.6,0.0,caret
2022-09-20,0.0,875.8,-875.8,151.9,0.0,151.9,caret
2022-09-19,57.6,141.5,-83.9,76.8,0.0,76.8,caret
2022-09-16,1640.2,65.1,1575.1,160.4,0.0,160.4,caret
2022-09-15,545.6,564.1,-18.4,453.3,0.0,453.3,caret
2022-09-14,595.0,722.8,-127.8,0.0,0.0,0.0,caret
2022-09-13,628.4,822.6,-194.2,0.0,0.0,0.0,caret
2022-09-12,47.7,406.6,-358.9,0.0,0.0,0.0,caret
2022-09-09,108.1,299.1,-191.0,-113.9,113.9,0.0,caret
2022-09-08,258.0,239.7,18.3,0.0,0.0,0.0,caret
2022-09-07,602.2,624.0,-21.9,0.0,0.0,0.0,caret
2022-09-06,0.0,641.3,-641.3,0.0,0.0,0.0,caret
2022-09-05,1.8,267.1,-265.4,0.0,0.0,0.0,caret
2022-09-02,900.6,87.8,812.8,0.0,0.0,0.0,caret
2022-09-01,286.2,0.0,286.2,0.0,0.0,0.0,caret
2022-08-30,116.9,895.2,-778.3,0.0,0.0,0.0,caret
2022-08-29,594.3,291.0,303.2,394.0,460.6,854.6,caret
2022-08-26,156.5,132.9,23.5,0.0,0.0,0.0,caret
2022-08-25,2017.4,2056.5,-39.2,81.2,329.8,411.0,caret
2022-08-24,2663.5,2950.8,-287.3,0.9,22.5,23.4,caret
2022-08-23,3463.5,3460.7,2.8,-2385.3,2796.4,411.1,caret
2022-08-22,1445.2,569.5,875.6,-86.6,725.5,638.9,caret
2022-08-19,729.0,373.9,355.1,-144.2,646.1,501.9,caret
2022-08-18,75.7,346.5,-270.8,-167.1,167.1,0.0,caret
2022-08-17,80.4,77.6,2.8,-250.9,310.0,59.0,caret
2022-08-16,43.8,196.0,-152.2,188.5,0.0,188.5,caret
2022-08-12,8.8,128.3,-119.5,913.9,0.0,913.9,caret
2022-08-11,0.0,367.8,-367.8,1310.7,0.0,1310.7,caret
2022-08-10,21.8,295.3,-273.6,0.0,0.0,0.0,caret
2022-08-08,37.2,957.8,-920.6,0.0,0.0,0.0,caret
2022-08-05,0.0,108.2,-108.2,915.0,574.9,1489.8,caret
2022-08-04,637.9,391.3,246.6,2377.0,4.8,2381.7,caret
2022-08-03,0.0,407.3,-407.3,-305.4,330.4,25.1,caret
2022-08-02,547.5,395.2,152.4,-939.4,961.5,22.1,caret
2022-08-01,110.0,472.3,-362.3,566.2,34.6,600.8,caret
2022-07-29,901.6,74.9,826.7,1101.8,40.6,1142.4,caret
2022-07-28,1555.7,2022.9,-467.2,-1307.5,2290.7,983.2,caret
2022-07-27,1827.1,1866.7,-39.6,-224.8,319.7,94.9,caret
2022-07-26,2331.2,1800.4,530.8,-484.8,1114.5,629.7,caret
2022-07-25,275.2,293.9,-18.7,2182.8,263.2,2446.0,caret
2022-07-22,31.6,104.6,-73.1,-138.1,688.5,550.4,caret
2022-07-21,1.7,108.5,-106.9,5.1,166.1,171.2,caret
2022-07-20,304.2,259.0,45.2,724.1,267.2,991.3,caret
2022-07-19,0.8,167.2,-166.3,360.0,220.1,580.1,caret
2022-07-18,251.5,332.2,-80.7,79.0,475.0,554.0,caret
2022-07-15,399.6,105.2,294.4,162.4,165.6,328.0,caret
2022-07-14,471.7,484.1,-12.4,655.8,1.6,657.4,caret
2022-07-13,1294.0,101.7,1192.3,169.0,0.0,169.0,caret
2022-07-12,208.6,5.7,202.9,0.0,0.0,0.0,caret
2022-07-11,17.3,624.5,-607.2,0.0,0.0,0.0,caret
2022-07-08,0.0,494.1,-494.1,0.0,0.0,0.0,caret
2022-07-07,89.2,247.0,-157.8,0.0,0.0,0.0,caret
2022-07-06,299.2,288.3,10.9,0.0,0.0,0.0,caret
2022-07-05,168.9,548.8,-379.9,0.0,0.0,0.0,caret
2022-07-04,453.6,10.6,443.0,0.0,0.0,0.0,caret
2022-07-01,1239.3,558.0,681.3,-3.2,3.2,0.0,caret
2022-06-30,1877.4,958.6,918.8,310.1,0.0,310.1,caret
2022-06-29,1594.8,2315.9,-721.1,30.9,611.5,642.3,caret
2022-06-28,499.5,1198.0,-698.5,195.0,397.3,592.3,caret
2022-06-27,902.6,671.3,231.3,-98.7,350.3,251.6,caret
2022-06-24,164.2,323.6,-159.4,233.4,0.0,233.4,caret
2022-06-23,13.7,591.2,-577.4,0.0,0.0,0.0,caret
2022-06-22,427.7,391.2,36.5,4.8,0.0,4.8,caret
2022-06-21,574.9,280.4,294.5,-237.3,237.3,0.0,caret
2022-06-20,574.9,280.4,294.5,-237.3,237.3,0.0,caret
2022-06-17,1092.1,48.8,1043.3,3.9,114.2,118.0,caret
2022-06-16,1142.6,214.8,927.8,-255.4,786.7,531.3,caret
2022-06-15,409.9,6.5,403.4,3.3,9.4,12.7,caret
2022-06-14,713.5,161.5,552.0,-0.3,14.4,14.2,caret
2022-06-13,1134.9,231.5,903.5,531.4,665.4,1196.7,caret
2022-06-10,889.6,73.0,816.6,-8.4,18.0,9.7,caret
2022-06-09,162.9,560.7,-397.8,-0.2,3.2,3.0,caret
2022-06-08,408.6,399.1,9.5,-0.3,5.0,4.6,caret
2022-06-07,572.1,185.5,386.6,-0.4,6.1,5.7,caret
2022-06-06,166.9,837.0,-670.2,-0.3,4.7,4.4,caret
2022-06-03,259.6,305.1,-45.5,2.1,6.5,8.6,caret
2022-06-02,361.7,764.1,-402.4,-0.4,5.3,4.9,caret
2022-06-01,6.3,249.9,-243.6,167.3,3.7,171.0,caret
2022-05-31,183.8,56.3,127.5,9.4,6.1,15.5,caret
2022-05-30,259.7,815.9,-556.2,-0.3,6.6,6.2,caret
2022-05-27,288.8,573.7,-284.9,1.6,0.0,1.6,caret
2022-05-26,861.0,1030.8,-169.9,-13.5,18.4,4.9,caret
2022-05-25,2107.5,2086.7,20.9,230.9,466.4,697.3,caret
2022-05-24,1973.4,2001.9,-28.6,380.3,536.4,916.8,caret
2022-05-23,1613.3,1678.7,-65.4,-250.2,578.6,328.3,caret
2022-05-20,0.5,641.7,-641.2,17.5,380.0,397.5,caret
2022-05-19,599.2,110.4,488.8,-43.7,297.7,254.0,caret
2022-05-18,2.3,331.3,-329.0,15.9,54.6,70.5,caret
2022-05-17,367.1,540.5,-173.4,130.6,0.0,130.6,caret
2022-05-16,26.0,161.2,-135.2,0.0,0.0,0.0,caret
2022-05-13,412.0,125.7,286.4,-193.5,193.5,0.0,caret
2022-05-12,1180.2,1.0,1179.3,-234.2,275.4,41.2,caret
2022-05-11,175.3,0.0,175.3,7.4,21.0,28.4,caret
2022-05-10,461.5,11.4,450.1,4.2,29.5,33.7,caret
2022-05-09,390.2,2.6,387.6,259.3,136.9,396.1,caret
2022-05-06,390.2,2.6,387.6,259.3,136.9,396.1,caret
2022-05-05,424.9,1172.6,-747.7,24.0,14.8,38.8,caret
2022-05-04,843.5,346.9,496.6,403.4,97.1,500.5,caret
2022-05-02,22.9,284.0,-261.1,385.6,0.0,385.6,caret
2022-04-29,610.9,318.0,292.9,348.8,0.0,348.8,caret
2022-04-28,1351.0,2701.8,-1350.8,293.3,270.8,564.0,caret
2022-04-27,2005.9,1802.8,203.0,-399.3,816.1,416.8,caret
2022-04-26,1473.0,1736.0,-263.0,87.1,152.9,240.0,caret
2022-04-25,2096.6,1264.0,832.6,-77.6,327.5,249.9,caret
2022-04-22,415.0,18.0,397.0,-2.2,2.2,0.0,caret
2022-04-21,205.0,210.0,-5.1,-63.3,67.1,3.7,caret
2022-04-20,110.8,330.7,-220.0,-127.2,127.2,0.0,caret
2022-04-18,722.9,125.1,597.8,14.5,237.4,251.9,caret
2022-04-13,142.4,527.7,-385.3,145.1,0.0,145.1,caret
2022-04-12,1149.9,508.9,641.0,0.7,0.0,0.7,caret
2022-04-11,73.9,20.5,53.4,0.0,0.0,0.0,caret
2022-04-08,0.0,502.5,-502.5,278.2,3.3,281.6,caret
2022-04-07,745.7,98.9,646.8,158.3,10.6,168.9,caret
2022-04-06,629.6,332.3,297.4,1.6,0.0,1.6,caret
2022-04-05,579.0,166.2,412.8,449.5,0.0,449.5,caret
2022-04-04,0.0,607.8,-607.8,-422.4,879.4,457.0,caret
2022-04-01,1.8,960.8,-959.0,3.7,0.0,3.7,caret
2022-03-31,0.0,0.0,0.0,0.0,0.0,0.0,caret
2022-03-30,0.0,0.0,0.0,0.0,0.0,0.0,caret
2022-03-29,0.0,0.0,0.0,0.0,0.0,0.0,caret
2022-03-28,0.0,0.0,0.0,0.0,0.0,0.0,caret
2022-03-25,0.0,0.0,0.0,0.0,0.0,0.0,caret
2022-03-24,0.0,0.0,0.0,0.0,0.0,0.0,caret
2022-03-23,129.0,230.6,-101.6,3.7,0.0,3.7,caret
2022-03-22,2.9,1044.3,-1041.4,-3.9,5.6,1.7,caret
2022-03-21,103.0,181.5,-78.5,272.4,2.6,275.0,caret
2022-03-17,13.4,921.0,-907.6,-144.4,144.4,0.0,caret
2022-03-16,4.8,116.8,-111.9,-8.1,29.6,21.5,caret
2022-03-15,635.0,225.3,409.6,-1.3,29.2,28.0,caret
2022-03-14,23.4,563.6,-540.2,102.9,191.5,294.4,caret
2022-03-11,439.0,239.7,199.2,0.0,0.0,0.0,caret
2022-03-10,1157.2,435.0,722.2,-2.9,3.4,0.4,caret
2022-03-09,5.7,840.0,-834.3,163.3,0.0,163.3,caret
2022-03-08,703.4,378.8,324.6,989.4,137.8,1127.1,caret
2022-03-07,1275.4,85.3,1190.1,196.6,177.6,374.2,caret
2022-03-04,775.9,366.1,409.8,-380.2,381.4,1.2,caret
2022-03-03,1.0,750.8,-749.8,437.3,0.0,437.3,caret
2022-03-02,674.4,133.6,540.9,1.8,3.9,5.7,caret
2022-02-28,148.2,301.8,-153.6,-96.1,247.7,151.6,caret
2022-02-25,2.5,1293.3,-1290.8,164.5,0.0,164.5,caret
2022-02-24,3390.3,2014.4,1375.9,-272.9,1376.8,1103.9,caret
2022-02-23,2337.0,2623.5,-286.5,4.7,697.5,702.2,caret
2022-02-22,1673.2,1760.2,-87.1,-183.0,1700.2,1517.2,caret
2022-02-21,1090.0,987.3,102.7,195.8,448.0,643.8,caret
2022-02-18,87.0,0.6,86.4,-530.4,742.6,212.2,caret
2022-02-17,171.9,418.8,-246.9,2.9,0.0,2.9,caret
2022-02-16,150.1,1159.4,-1009.2,555.3,5.1,560.4,caret
2022-02-15,508.2,291.0,217.2,-565.8,567.5,1.7,caret
2022-02-14,220.2,148.3,71.9,-644.4,1033.4,389.0,caret
2022-02-11,315.6,2.6,313.0,5.8,0.0,5.8,caret
2022-02-10,75.3,30.8,44.4,2.3,0.0,2.3,caret
2022-02-09,97.4,349.0,-251.6,0.0,0.0,0.0,caret
2022-02-08,90.3,83.2,7.1,-6.6,6.6,0.0,caret
2022-02-07,501.2,44.5,456.7,-11.1,13.2,2.2,caret
2022-02-04,262.6,1.6,261.1,2.2,0.0,2.2,caret
2022-02-03,49.0,24.3,24.7,2.2,0.0,2.2,caret
2022-02-02,3.1,123.6,-120.5,0.0,0.0,0.0,caret
2022-02-01,52.8,272.9,-220.1,764.4,8.8,773.2,caret
2022-01-31,236.2,4.1,232.1,0.0,0.0,0.0,caret
2022-01-28,277.1,1.0,276.1,1621.9,129.4,1751.3,caret
2022-01-27,0.0,0.0,0.0,0.0,0.0,0.0,caret
2022-01-25,2596.8,2323.0,273.7,-655.9,987.4,331.5,caret
2022-01-24,1893.9,1683.6,210.3,-21.2,630.1,608.9,caret
2022-01-21,486.6,96.8,389.7,79.5,416.5,496.0,caret
2022-01-20,17.8,186.3,-168.5,-349.2,349.2,0.0,caret
2022-01-19,578.2,19.6,558.6,0.0,0.0,0.0,caret
2022-01-18,615.8,312.8,303.0,197.7,0.0,197.7,caret
2022-01-17,2.7,2.6,0.1,-179.6,179.6,0.0,caret
2022-01-14,0.0,190.8,-190.8,-179.1,226.1,47.0,caret
2022-01-13,0.0,22.5,-22.5,-38.4,38.4,0.0,caret
2022-01-12,0.0,11.1,-11.1,38.3,0.0,38.3,caret
2022-01-11,0.0,67.4,-67.4,0.0,0.0,0.0,caret
2022-01-10,0.0,58.5,-58.5,-306.7,635.8,329.1,caret
2022-01-07,245.7,1.0,244.7,119.5,1.8,121.3,caret
2022-01-06,183.7,0.0,183.7,-146.8,354.6,207.8,caret
2022-01-05,110.8,18.0,92.9,160.5,0.0,160.5,caret
2022-01-04,2.1,1.6,0.5,-76.0,363.2,287.2,caret
2022-01-03,1.3,58.5,-57.2,733.4,0.0,733.4,caret
2021-12-31,202.7,0.0,202.7,730.5,0.0,730.5,caret
2021-12-30,1750.5,1775.3,-24.8,1120.2,435.5,1555.7,caret
2021-12-29,2506.8,2576.4,-69.6,349.6,100.4,450.0,caret
2021-12-28,2072.2,2104.2,-32.0,179.2,0.0,179.2,caret
2021-12-27,1215.5,1118.5,97.0,1641.8,67.2,1709.0,caret
2021-12-24,5.1,38.1,-33.0,723.0,0.0,723.0,caret
2021-12-23,126.8,52.1,74.7,358.8,0.0,358.8,caret
2021-12-22,8.7,62.9,-54.2,239.7,158.1,397.8,caret
2021-12-21,104.2,1.7,102.5,133.0,287.9,420.8,caret
2021-12-20,697.0,25.0,672.0,-910.2,1565.7,655.5,caret
2021-12-17,109.8,75.1,34.7,-560.8,565.0,4.3,caret
2021-12-16,0.0,213.7,-213.7,-83.3,279.5,196.2,caret
2021-12-15,58.6,93.4,-34.8,1.7,0.0,1.7,caret
2021-12-14,86.7,106.7,-20.0,89.6,0.0,89.6,caret
2021-12-13,0.0,6.0,-6.0,221.3,0.0,221.3,caret
2021-12-10,0.0,0.0,0.0,0.0,0.0,0.0,caret
2021-12-09,18.5,96.3,-77.9,-175.4,533.1,357.7,caret
2021-12-08,476.2,34.4,441.7,371.9,0.0,371.9,caret
2021-12-07,0.0,43.6,-43.6,546.5,0.0,546.5,caret
2021-12-06,100.3,152.0,-51.7,-605.3,913.7,308.5,caret
2021-12-03,37.8,139.8,-102.0,-351.8,352.4,0.5,caret
2021-12-02,7.7,20.8,-13.1,552.0,1.8,553.8,caret
2021-12-01,57.0,42.4,14.6,683.7,0.9,684.6,caret
2021-11-30,117.1,101.2,15.9,48.9,373.4,422.3,caret
2021-11-29,249.4,40.5,208.9,-286.8,289.4,2.6,caret
2021-11-26,141.5,111.1,30.4,-45.1,898.9,853.7,caret
2021-11-25,3146.1,3023.8,122.4,245.9,1205.6,1451.6,caret
2021-11-24,3714.6,3719.4,-4.9,639.1,0.0,639.1,caret
2021-11-23,1909.9,1913.2,-3.3,-721.5,999.6,278.1,caret
2021-11-22,251.2,214.3,36.9,-324.8,1337.0,1012.2,caret
2021-11-18,0.6,1.8,-1.2,-305.6,305.6,0.0,caret
2021-11-17,89.1,0.0,89.1,453.8,0.0,453.8,caret
2021-11-16,192.5,2.2,190.4,0.0,0.0,0.0,caret
2021-11-15,0.0,0.0,0.0,456.2,0.0,456.2,caret
2021-11-12,1.4,0.0,1.4,0.0,0.0,0.0,caret
2021-11-11,96.9,2.3,94.6,0.0,0.0,0.0,caret
2021-11-10,700.7,2.6,698.1,0.0,0.0,0.0,caret
2021-11-09,0.0,2.8,-2.8,0.0,0.0,0.0,caret
2021-11-08,3.2,0.6,2.6,1.9,227.8,229.6,caret
2021-11-04,1.6,0.0,1.6,0.0,0.0,0.0,caret
2021-11-03,0.0,100.8,-100.8,0.0,0.0,0.0,caret
2021-11-02,0.0,38.5,-38.5,188.0,0.0,188.0,caret
2021-11-01,0.0,67.8,-67.8,377.6,0.0,377.6,caret
2021-10-29,0.0,0.0,0.0,6.2,607.8,614.0,caret
2021-10-28,2015.0,1964.5,50.5,-296.5,826.4,530.0,caret
2021-10-27,3333.8,3443.9,-110.1,55.1,0.0,55.1,caret
2021-10-26,2392.9,2519.5,-126.6,0.0,0.0,0.0,caret
2021-10-25,204.0,281.1,-77.1,-448.7,448.7,0.0,caret
2021-10-22,157.5,372.0,-214.4,-761.1,761.1,0.0,caret
2021-10-21,37.2,191.2,-154.0,-329.0,329.0,0.0,caret
2021-10-20,277.9,103.1,174.8,-252.0,770.9,518.9,caret
2021-10-19,1.1,264.6,-263.5,-270.8,636.6,365.8,caret
2021-10-18,89.5,0.0,89.5,414.1,778.5,1192.6,caret
2021-10-15,0.0,0.0,0.0,0.0,0.0,0.0,caret
2021-10-14,4.8,162.8,-158.0,296.9,226.1,523.0,caret
2021-10-13,210.5,0.0,210.5,1613.2,480.5,2093.7,caret
2021-10-12,0.0,2.2,-2.2,187.8,90.5,278.4,caret
2021-10-11,104.9,0.4,104.4,183.5,372.6,556.1,caret
2021-10-08,242.6,0.4,242.2,136.4,409.2,545.7,caret
2021-10-07,90.9,0.0,90.9,386.7,42.8,429.5,caret
2021-10-06,0.0,383.4,-383.4,-60.2,495.3,435.1,caret
2021-10-05,57.1,0.0,57.1,134.8,0.0,134.8,caret
2021-10-04,24.4,0.0,24.4,6.4,73.3,79.6,caret
2021-10-01,0.5,213.0,-212.6,85.4,250.3,335.8,caret
2021-09-30,2243.2,2436.2,-193.0,-1162.2,1496.7,334.4,caret
2021-09-29,3241.0,3105.7,135.3,0.0,0.0,0.0,caret
2021-09-28,2435.6,1900.6,535.0,-442.8,566.7,123.8,caret
2021-09-27,176.2,423.2,-247.0,9.6,191.7,201.2,caret
2021-09-24,168.6,3.9,164.6,1835.4,139.7,1975.1,caret
2021-09-23,137.2,340.4,-203.1,-747.6,1903.4,1155.8,caret
2021-09-22,0.0,42.3,-42.3,0.0,0.0,0.0,caret
2021-09-21,37.9,35.2,2.6,885.6,0.0,885.6,caret
2021-09-20,559.0,60.4,498.6,455.5,135.3,590.8,caret
2021-09-17,0.0,329.7,-329.7,281.7,1004.8,1286.5,caret
2021-09-16,401.6,539.2,-137.6,669.7,604.6,1274.4,caret
2021-09-15,3.0,130.9,-127.9,1402.3,694.9,2097.2,caret
2021-09-14,0.0,131.7,-131.7,0.0,0.0,0.0,caret
2021-09-13,0.0,34.5,-34.5,0.0,0.0,0.0,caret
2021-09-09,46.4,34.7,11.7,201.8,0.0,201.8,caret
2021-09-08,34.6,187.5,-152.9,0.0,0.0,0.0,caret
2021-09-07,52.0,312.0,-260.0,356.2,0.0,356.2,caret
2021-09-06,100.5,61.0,39.5,854.6,0.0,854.6,caret
2021-09-03,9.1,475.5,-466.4,1609.6,0.0,1609.6,caret
2021-09-02,0.0,16.1,-16.1,142.6,0.0,142.6,caret
2021-09-01,0.0,698.0,-698.0,34.7,0.0,34.7,caret
2021-08-31,792.2,418.8,373.3,0.0,0.0,0.0,caret
2021-08-30,6.7,30.4,-23.6,0.0,0.0,0.0,caret
2021-08-27,0.0,0.0,0.0,177.7,0.0,177.7,caret
2021-08-26,1868.2,2204.4,-336.2,-590.0,1123.5,533.6,caret
2021-08-25,2704.9,3034.8,-329.9,236.4,517.1,753.4,caret
2021-08-24,1777.4,1613.9,163.5,-225.2,574.5,349.2,caret
2021-08-23,61.7,40.6,21.1,-245.6,245.6,0.0,caret
2021-08-20,164.5,274.0,-109.5,-321.0,321.0,0.0,caret
2021-08-18,60.5,468.2,-407.7,-144.2,484.3,340.1,caret
2021-08-17,0.0,31.0,-31.0,379.8,0.0,379.8,caret
2021-08-16,32.0,271.8,-239.8,942.6,89.7,1032.2,caret
2021-08-13,48.2,266.3,-218.1,-832.0,832.0,0.0,caret
2021-08-12,1.6,16.3,-14.7,167.2,0.0,167.2,caret
2021-08-11,260.9,168.5,92.3,1429.4,0.0,1429.4,caret
2021-08-10,407.9,42.4,365.5,0.0,0.0,0.0,caret
2021-08-09,0.0,8.2,-8.2,6000.0,0.0,6000.0,caret
2021-08-06,0.0,73.4,-73.4,1247.9,0.0,1247.9,caret
2021-08-05,0.5,245.2,-244.7,573.4,0.0,573.4,caret
2021-08-04,252.1,642.1,-390.0,-665.8,665.8,0.0,caret
2021-08-03,4.8,73.2,-68.4,370.8,232.1,603.0,caret
2021-08-02,0.7,60.7,-60.0,1171.4,0.0,1171.4,caret
2021-07-30,3.2,257.3,-254.1,936.1,0.0,936.1,caret
2021-07-29,1735.3,1868.1,-132.8,1116.5,0.0,1116.5,caret
2021-07-28,1348.0,1261.3,86.7,-7.1,741.7,734.6,caret
2021-07-27,987.2,898.8,88.4,-254.4,315.1,60.7,caret
2021-07-26,238.3,268.3,-30.0,637.8,0.0,637.8,caret
2021-07-23,0.5,5.5,-4.9,-194.0,194.0,0.0,caret
2021-07-22,3.9,0.5,3.4,290.6,0.0,290.6,caret
2021-07-20,100.1,3.0,97.1,-349.4,545.9,196.5,caret
2021-07-19,95.4,8.1,87.2,-461.1,461.1,0.0,caret
2021-07-16,0.0,76.4,-76.4,166.7,0.0,166.7,caret
2021-07-15,12.6,2.2,10.4,0.0,0.0,0.0,caret
2021-07-14,25.0,0.0,25.0,0.0,0.0,0.0,caret
2021-07-13,4.8,0.0,4.8,653.5,0.0,653.5,caret
2021-07-12,2.4,0.0,2.4,0.0,0.0,0.0,caret
2021-07-09,0.3,7.1,-6.8,-293.2,293.2,0.0,caret
2021-07-08,386.9,8.9,378.0,225.5,78.7,304.2,caret
2021-07-07,160.6,0.7,159.9,5.2,379.5,384.7,caret
2021-07-06,30.3,0.0,30.3,242.9,0.0,242.9,caret
2021-07-05,5.5,158.6,-153.0,0.0,0.0,0.0,caret
2021-07-02,0.0,4.0,-4.0,0.0,0.0,0.0,caret
2021-07-01,0.5,9.4,-8.9,234.7,169.1,403.8,caret
2021-06-30,0.8,41.1,-40.3,110.8,264.7,375.5,caret
2021-06-29,0.0,45.9,-45.9,-61.7,61.7,0.0,caret
2021-06-28,1.9,0.0,1.9,432.5,0.0,432.5,caret
2021-06-25,4.0,158.6,-154.6,0.0,0.0,0.0,caret
2021-06-24,1609.4,1614.0,-4.6,669.2,298.6,967.8,caret
2021-06-23,939.1,870.1,69.0,-405.2,405.2,0.0,caret
2021-06-22,1469.0,1858.2,-389.2,0.0,0.0,0.0,caret
2021-06-21,382.6,122.3,260.3,-1079.9,1117.1,37.2,caret
2021-06-18,272.4,5.5,266.8,-465.8,605.8,140.0,caret
2021-06-17,324.5,211.9,112.6,446.1,246.4,692.4,caret
2021-06-16,228.0,1.5,226.5,-221.0,221.0,0.0,caret
2021-06-15,2.4,0.0,2.4,112.4,0.0,112.4,caret
2021-06-14,240.6,89.7,150.8,-208.7,285.0,76.3,caret
2021-06-11,5.6,407.3,-401.7,813.5,0.0,813.5,caret
2021-06-10,0.4,0.0,0.4,1670.5,0.0,1670.5,caret
2021-06-09,293.7,110.2,183.6,-126.2,471.4,345.1,caret
2021-06-08,0.0,119.3,-119.3,700.1,0.0,700.1,caret
2021-06-07,118.1,0.0,118.1,748.8,0.0,748.8,caret
2021-06-04,0.0,7.5,-7.5,360.5,0.0,360.5,caret
2021-06-03,0.0,0.0,0.0,1295.7,0.0,1295.7,caret
2021-06-02,351.7,3.7,347.9,224.8,240.8,465.7,caret
2021-06-01,0.1,0.8,-0.7,364.9,0.0,364.9,caret
2021-05-31,61.7,0.0,61.7,248.8,0.0,248.8,caret
2021-05-28,18.8,115.9,-97.1,422.6,0.0,422.6,caret
2021-05-27,1420.6,1424.6,-4.0,2321.2,0.0,2321.2,caret
2021-05-26,1440.3,1424.7,15.6,141.0,0.0,141.0,caret
2021-05-25,2034.6,1924.6,110.0,1025.8,488.4,1514.2,caret
2021-05-24,226.5,591.0,-364.5,604.2,0.0,604.2,caret
2021-05-21,0.0,454.9,-454.9,59.3,0.0,59.3,caret
2021-05-20,336.6,0.0,336.6,878.0,0.0,878.0,caret
2021-05-19,226.6,113.2,113.4,239.3,0.0,239.3,caret
2021-05-18,4.5,228.2,-223.7,514.9,0.0,514.9,caret
2021-05-17,53.9,445.2,-391.2,183.0,0.0,183.0,caret
2021-05-14,70.3,13.2,57.1,0.0,0.0,0.0,caret
2021-05-12,233.9,1.0,232.9,804.4,0.0,804.4,caret
2021-05-11,175.1,1.5,173.6,59.1,0.0,59.1,caret
2021-05-10,0.2,0.1,0.1,0.0,0.0,0.0,caret
2021-05-07,0.2,36.9,-36.7,0.0,0.0,0.0,caret
2021-05-06,0.0,359.9,-359.9,419.7,255.1,674.8,caret
2021-05-05,0.2,219.2,-219.0,721.1,111.5,832.6,caret
2021-05-04,235.5,373.0,-137.5,0.0,0.0,0.0,caret
2021-05-03,510.0,334.8,175.3,-37.6,37.6,0.0,caret
2021-04-30,0.0,0.0,0.0,0.0,0.0,0.0,caret
2021-04-29,1038.8,1402.4,-363.6,516.9,569.1,1086.1,caret
2021-04-28,1937.0,1351.9,585.1,214.1,4.6,218.7,caret
2021-04-27,1037.6,1136.8,-99.2,-255.3,361.7,106.4,caret
2021-04-26,103.3,382.1,-278.8,72.1,160.6,232.6,caret
2021-04-23,0.4,341.5,-341.1,0.0,0.0,0.0,caret
2021-04-22,296.9,173.2,123.7,514.8,35.3,550.1,caret
2021-04-20,206.2,794.4,-588.2,8.3,604.6,612.9,caret
2021-04-19,646.5,6.1,640.4,40.0,95.3,135.4,caret
2021-04-16,126.6,1100.7,-974.1,0.0,0.0,0.0,caret
2021-04-15,0.0,826.5,-826.5,1466.8,0.0,1466.8,caret
2021-04-13,0.6,480.2,-479.6,4.7,0.0,4.7,caret
2021-04-12,185.7,229.8,-44.1,348.6,59.3,407.9,caret
2021-04-09,0.0,149.0,-149.0,0.0,0.0,0.0,caret
2021-04-08,12.0,98.8,-86.8,61.6,0.0,61.6,caret
2021-04-07,0.0,420.6,-420.6,-19.7,19.7,0.0,caret
2021-04-06,0.0,65.6,-65.6,0.0,0.0,0.0,caret
2021-04-05,556.9,190.9,366.0,0.0,0.0,0.0,caret
2021-04-01,2.0,5.6,-3.6,0.0,0.0,0.0,caret
2021-03-31,255.4,75.3,180.1,19.8,0.0,19.8,caret
2021-03-30,55.4,23.4,32.0,0.0,0.0,0.0,caret
2021-03-26,56.6,220.4,-163.8,0.0,0.0,0.0,caret
2021-03-25,1569.5,886.1,683.4,-69.6,429.3,359.7,caret
2021-03-24,1406.5,843.5,563.0,-348.3,348.3,0.0,caret
2021-03-23,1734.2,1741.7,-7.6,0.0,0.0,0.0,caret
2021-03-22,148.4,432.1,-283.7,0.0,0.0,0.0,caret
2021-03-19,325.8,322.5,3.4,0.0,0.0,0.0,caret
2021-03-18,162.9,63.5,99.4,-24.0,24.0,0.0,caret
2021-03-17,0.0,0.0,0.0,0.0,0.0,0.0,caret
2021-03-16,0.5,3.1,-2.6,-1.9,1.9,0.0,caret
2021-03-15,533.4,33.2,500.2,13.8,183.5,197.3,caret
2021-03-12,125.8,0.0,125.8,0.0,0.0,0.0,caret
2021-03-10,19.1,342.2,-323.1,178.4,0.0,178.4,caret
2021-03-09,44.9,302.9,-258.0,0.0,0.0,0.0,caret
2021-03-08,171.3,338.8,-167.4,180.2,0.0,180.2,caret
2021-03-05,428.5,322.2,106.3,-40.2,191.8,151.6,caret
2021-03-04,0.6,1016.8,-1016.3,0.0,0.0,0.0,caret
2021-03-03,65.4,340.7,-275.2,104.5,0.0,104.5,caret
2021-03-01,7.8,75.2,-67.4,0.0,0.0,0.0,caret
2021-02-26,1246.8,294.9,951.9,221.9,89.4,311.2,caret
2021-02-25,2776.6,2759.5,17.0,-64.6,150.5,85.9,caret
2021-02-24,866.8,880.8,-14.0,44.8,0.0,44.8,caret
2021-02-23,968.8,976.0,-7.3,11.3,0.0,11.3,caret
2021-02-22,158.4,297.5,-139.1,337.6,0.0,337.6,caret
2021-02-18,48.7,159.9,-111.2,111.6,0.0,111.6,caret
2021-02-17,3.9,0.0,3.9,95.4,0.0,95.4,caret
2021-02-16,5.5,0.8,4.8,0.0,0.0,0.0,caret
2021-02-15,45.9,0.0,45.9,0.0,0.0,0.0,caret
2021-02-12,52.0,26.8,25.2,0.0,0.0,0.0,caret
2021-02-11,0.0,29.1,-29.1,0.0,0.0,0.0,caret
2021-02-10,1.5,60.2,-58.8,0.0,0.0,0.0,caret
2021-02-09,0.4,45.3,-44.9,0.0,0.0,0.0,caret
2021-02-08,136.0,30.0,106.0,-133.5,133.5,0.0,caret
2021-02-05,0.0,494.5,-494.5,0.0,0.0,0.0,caret
2021-02-04,1.7,112.7,-111.1,0.0,0.0,0.0,caret
2021-02-03,45.6,8.9,36.7,0.0,0.0,0.0,caret
2021-02-02,33.6,662.5,-628.9,-290.2,331.4,41.2,caret
2021-02-01,673.3,632.7,40.6,-60.0,60.0,0.0,caret
2021-01-29,259.2,387.2,-128.0,-71.2,71.2,0.0,caret
2021-01-28,1480.4,1110.4,369.9,-112.7,370.1,257.4,caret
2021-01-27,2624.1,1729.0,895.0,25.4,216.5,241.9,caret
2021-01-25,399.7,333.7,66.0,137.8,0.0,137.8,caret
2021-01-22,656.5,2.0,654.5,-1003.6,1087.4,83.8,caret
2021-01-21,39.1,0.2,38.9,367.3,0.0,367.3,caret
2021-01-20,0.0,263.7,-263.7,-31.1,31.1,0.0,caret
2021-01-19,13.1,21.9,-8.8,0.0,0.0,0.0,caret
2021-01-18,174.5,359.0,-184.5,65.2,25.9,91.1,caret
2021-01-15,0.0,49.2,-49.2,-203.0,203.0,0.0,caret
2021-01-14,32.7,54.6,-21.9,0.0,0.0,0.0,caret
2021-01-13,110.9,163.6,-52.6,4.0,6.5,10.5,caret
2021-01-12,102.7,1.6,101.0,478.8,185.4,664.2,caret
2021-01-11,0.0,0.0,0.0,170.7,30.8,201.5,caret
2021-01-08,26.1,9.8,16.3,649.0,0.0,649.0,caret
2021-01-07,9.6,71.5,-61.9,495.9,4.8,500.7,caret
2021-01-06,688.6,0.0,688.6,118.9,137.6,256.4,caret
2021-01-05,0.0,77.7,-77.7,-2.0,2.0,0.0,caret
2021-01-04,4443.6,3500.9,942.7,806.8,285553.4,286360.1,caret
2021-01-01,43.6,14.6,29.0,157.9,0.0,157.9,caret
2020-12-31,1538.9,1568.2,-29.3,22.1,92.0,114.1,caret
2020-12-30,2460.7,2684.0,-223.2,214.1,0.0,214.1,caret
2020-12-29,266.2,255.1,11.1,-144.4,304.5,160.1,caret
2020-12-28,189.5,455.1,-265.6,31.2,0.0,31.2,caret
2020-12-24,0.0,215.8,-215.8,39.0,0.0,39.0,caret
2020-12-23,91.7,203.7,-112.0,0.0,0.0,0.0,caret
2020-12-22,473.4,95.3,378.2,0.0,0.0,0.0,caret
2020-12-21,306.5,84.2,222.4,352.4,0.0,352.4,caret
2020-12-18,0.0,31.6,-31.6,0.0,0.0,0.0,caret
2020-12-17,0.0,30.1,-30.1,917.5,0.0,917.5,caret
2020-12-16,36.1,0.0,36.1,104.2,0.0,104.2,caret
2020-12-15,203.4,67.6,135.7,3.0,0.0,3.0,caret
2020-12-14,8.6,17.8,-9.2,103.5,0.0,103.5,caret
2020-12-11,42.8,195.0,-152.2,87.1,0.0,87.1,caret
2020-12-10,1.6,10.1,-8.5,825.6,0.0,825.6,caret
2020-12-09,53.8,0.0,53.8,0.0,0.0,0.0,caret
2020-12-08,0.0,222.4,-222.4,26.4,0.0,26.4,caret
2020-12-07,12.6,42.8,-30.2,0.0,0.0,0.0,caret
2020-12-04,53.9,119.6,-65.6,0.0,0.0,0.0,caret
2020-12-03,10.7,0.0,10.7,0.0,0.0,0.0,caret
2020-12-02,0.0,132.6,-132.6,0.0,0.0,0.0,caret
2020-12-01,66.8,24.5,42.3,0.0,0.0,0.0,caret
2020-11-27,8.0,58.7,-50.7,198.9,0.0,198.9,caret
2020-11-26,734.5,798.9,-64.4,0.0,0.0,0.0,caret
2020-11-25,2443.2,2580.5,-137.4,27.3,261.6,288.9,caret
2020-11-24,596.6,607.0,-10.4,278.1,0.0,278.1,caret
2020-11-23,160.1,111.0,49.1,0.0,0.0,0.0,caret
2020-11-20,0.0,32.9,-32.9,0.0,0.0,0.0,caret
2020-11-19,11.1,37.4,-26.4,0.0,0.0,0.0,caret
2020-11-18,0.0,60.2,-60.2,0.0,0.0,0.0,caret
2020-11-17,5.0,32.5,-27.5,-374.7,374.7,0.0,caret
2020-11-14,0.0,0.3,-0.3,0.0,0.0,0.0,caret
2020-11-13,6.0,20.8,-14.8,0.0,0.0,0.0,caret
2020-11-12,19.2,95.2,-76.1,78.7,17.9,96.6,caret
2020-11-11,33.0,254.0,-221.0,0.0,0.0,0.0,caret
2020-11-10,76.4,112.4,-36.0,0.0,0.0,0.0,caret
2020-11-09,209.0,99.6,109.5,0.0,0.0,0.0,caret
2020-11-06,0.0,5.6,-5.6,0.0,0.0,0.0,caret
2020-11-05,180.2,287.3,-107.1,48.8,0.0,48.8,caret
2020-11-04,66.8,273.8,-207.0,26.8,0.0,26.8,caret
2020-11-03,50.0,257.2,-207.2,0.0,0.0,0.0,caret
2020-11-02,218.8,20.8,198.0,34.2,0.0,34.2,caret
2020-10-29,1565.2,1667.0,-101.8,0.0,0.0,0.0,caret
2020-10-28,1159.7,1036.3,123.4,105.5,230.0,335.4,caret
2020-10-27,75.3,87.4,-12.1,0.0,0.0,0.0,caret
2020-10-23,13.9,204.4,-190.5,0.0,0.0,0.0,caret
2020-10-22,212.2,1.5,210.6,0.0,0.0,0.0,caret
2020-10-21,0.0,10.0,-10.0,3.0,0.0,3.0,caret
2020-10-20,14.8,104.5,-89.7,38.9,201.1,240.0,caret
2020-10-19,0.0,139.3,-139.3,17.6,0.0,17.6,caret
2020-10-16,50.1,38.4,11.7,0.0,0.0,0.0,caret
2020-10-15,30.9,4.0,26.8,-394.8,395.7,1.0,caret
2020-10-14,13.5,69.0,-55.5,0.0,0.0,0.0,caret
2020-10-13,51.0,125.4,-74.4,0.0,0.0,0.0,caret
2020-10-12,35.8,161.6,-125.7,181.3,0.0,181.3,caret
2020-10-09,19.8,2.6,17.2,5.2,517.7,522.9,caret
2020-10-08,10.0,114.5,-104.5,59.7,0.0,59.7,caret
2020-10-07,5.1,219.2,-214.1,29.6,0.0,29.6,caret
2020-10-06,2.1,143.1,-141.0,0.0,0.0,0.0,caret
2020-10-05,74.0,6.4,67.6,19.1,0.0,19.1,caret
2020-10-01,3.4,294.6,-291.1,0.0,0.0,0.0,caret
2020-09-30,31.2,0.0,31.2,347.8,0.0,347.8,caret
2020-09-29,31.4,128.6,-97.2,530.8,0.0,530.8,caret
2020-09-28,0.0,406.0,-406.0,0.0,0.0,0.0,caret
2020-09-25,0.0,676.7,-676.7,0.0,0.0,0.0,caret
2020-09-24,1740.8,1260.8,480.0,-96.7,273.6,176.9,caret
2020-09-23,381.0,175.8,205.2,-61.3,167.7,106.3,caret
2020-09-22,608.7,321.9,286.8,-255.7,685.5,429.8,caret
2020-09-21,974.6,308.8,665.8,0.0,0.0,0.0,caret
2020-09-18,176.2,53.4,122.9,0.0,0.0,0.0,caret
2020-09-17,67.2,88.0,-20.8,0.0,0.0,0.0,caret
2020-09-16,71.5,175.6,-104.1,0.0,0.0,0.0,caret
2020-09-15,2.5,194.9,-192.4,0.0,0.0,0.0,caret
2020-09-14,17.1,174.9,-157.8,0.0,0.0,0.0,caret
2020-09-11,0.0,463.5,-463.5,4.1,0.0,4.1,caret
2020-09-10,21.7,641.9,-620.2,12.4,0.0,12.4,caret
2020-09-09,591.8,48.4,543.4,0.0,0.0,0.0,caret
2020-09-08,4.3,281.9,-277.5,-17.2,17.2,0.0,caret
2020-09-07,86.2,23.0,63.2,-62.7,136.5,73.8,caret
2020-09-04,470.0,74.1,395.8,-450.7,450.7,0.0,caret
2020-09-03,73.6,0.4,73.2,-25.1,25.1,0.0,caret
2020-09-02,0.0,192.1,-192.1,0.0,0.0,0.0,caret
2020-09-01,528.6,176.8,351.9,-91.5,91.5,0.0,caret
2020-08-31,0.6,16.4,-15.8,-14.2,195.8,181.6,caret
2020-08-28,137.0,10.8,126.3,0.0,0.0,0.0,caret
2020-08-27,869.5,877.7,-8.2,105.3,157.2,262.5,caret
2020-08-26,1949.6,1924.4,25.2,213.9,38.4,252.3,caret
2020-08-25,547.3,621.3,-74.0,279.0,37.9,316.8,caret
2020-08-24,181.8,137.8,44.1,64.7,0.0,64.7,caret
2020-08-21,29.0,95.6,-66.7,494.8,0.0,494.8,caret
2020-08-20,17.8,67.9,-50.1,0.0,0.0,0.0,caret
2020-08-19,257.2,213.9,43.3,330.3,0.0,330.3,caret
2020-08-18,19.4,18.5,0.9,0.0,0.0,0.0,caret
2020-08-17,109.4,158.3,-49.0,-38.8,62.7,23.9,caret
2020-08-14,251.3,108.2,143.1,1.0,0.0,1.0,caret
2020-08-13,0.0,0.0,0.0,0.0,0.0,0.0,caret
2020-08-12,9.0,126.6,-117.6,37.5,0.0,37.5,caret
2020-08-11,58.3,217.8,-159.5,122.2,0.0,122.2,caret
2020-08-10,0.0,5.8,-5.8,-283.1,283.1,0.0,caret
2020-08-07,32.6,168.5,-135.9,-119.6,119.6,0.0,caret
2020-08-06,0.0,14.9,-14.9,0.0,0.0,0.0,caret
2020-08-05,11.0,93.5,-82.5,0.0,0.0,0.0,caret
2020-08-04,0.0,541.4,-541.4,170.5,0.0,170.5,caret
2020-08-03,368.4,183.9,184.5,-259.0,259.0,0.0,caret
2020-07-31,403.0,5.4,397.6,63.7,0.0,63.7,caret
2020-07-30,1028.7,916.4,112.2,-74.3,238.9,164.6,caret
2020-07-29,1782.4,1801.8,-19.4,297.8,0.0,297.8,caret
2020-07-28,151.0,238.3,-87.4,86.0,0.0,86.0,caret
2020-07-27,169.0,419.8,-250.8,0.0,0.0,0.0,caret
2020-07-24,0.0,4.0,-4.0,438.4,0.0,438.4,caret
2020-07-23,80.1,328.6,-248.5,43.1,43.2,86.3,caret
2020-07-22,0.0,461.8,-461.8,43.2,0.0,43.2,caret
2020-07-21,8.3,274.8,-266.5,-17.3,256.1,238.8,caret
2020-07-20,52.8,221.9,-169.1,43.6,0.0,43.6,caret
2020-07-17,43.2,135.1,-91.9,0.0,0.0,0.0,caret
2020-07-16,267.0,149.3,117.7,0.0,0.0,0.0,caret
2020-07-15,0.0,327.4,-327.4,79.1,0.0,79.1,caret
2020-07-14,537.0,44.5,492.5,223.9,0.0,223.9,caret
2020-07-13,0.0,87.3,-87.3,2.0,0.0,2.0,caret
2020-07-09,5.7,24.0,-18.3,0.0,0.0,0.0,caret
2020-07-08,160.6,280.7,-120.1,-1.7,1.7,0.0,caret
2020-07-07,3.8,161.0,-157.2,-114.5,309.5,195.0,caret
2020-07-06,5.6,321.2,-315.6,167.4,0.0,167.4,caret
2020-07-03,2.2,328.2,-326.0,167.9,0.0,167.9,caret
2020-07-02,3.2,22.8,-19.5,1.7,0.0,1.7,caret
2020-07-01,0.0,19.4,-19.4,178.5,0.0,178.5,caret
2020-06-30,573.6,16.4,557.2,255.8,0.0,255.8,caret
2020-06-29,152.8,154.9,-2.0,0.0,0.0,0.0,caret
2020-06-26,17.4,81.4,-64.0,0.0,0.0,0.0,caret
2020-06-25,0.0,0.0,0.0,0.0,0.0,0.0,caret
2020-06-24,1057.7,1464.3,-406.6,233.2,0.0,233.2,caret
2020-06-23,410.5,579.8,-169.3,0.0,0.0,0.0,caret
2020-06-22,117.0,359.2,-242.2,-23.5,23.5,0.0,caret
2020-06-19,36.2,14.7,21.5,221.7,11.6,233.3,caret
2020-06-18,69.1,267.2,-198.0,494.6,11.6,506.2,caret
2020-06-17,72.9,156.9,-84.0,-5.8,5.8,0.0,caret
2020-06-16,17.5,330.0,-312.5,65.0,0.0,65.0,caret
2020-06-15,81.2,79.4,1.8,-116.8,116.8,0.0,caret
2020-06-12,469.1,533.9,-64.8,-20.9,20.9,0.0,caret
2020-06-11,242.0,174.0,68.0,9.8,3.9,13.7,caret
2020-06-10,29.2,179.0,-149.8,11.0,0.0,11.0,caret
2020-06-09,41.0,305.8,-264.7,1.0,26.2,27.1,caret
2020-06-08,6.6,304.0,-297.5,278.6,0.0,278.6,caret
2020-06-05,163.2,158.3,4.9,-8.6,160.9,152.3,caret
2020-06-04,243.7,139.7,104.0,-23.8,158.4,134.6,caret
2020-06-03,15.1,261.2,-246.1,22.1,25.3,47.4,caret
2020-06-02,2.4,179.3,-176.8,20.4,0.0,20.4,caret
2020-06-01,20.2,23.2,-3.1,42.5,3.3,45.8,caret
2020-05-29,475.4,253.1,222.3,339.5,0.0,339.5,caret
2020-05-28,1642.3,1478.0,164.4,-74.5,74.5,0.0,caret
2020-05-27,727.0,318.8,408.3,69.3,339.7,409.0,caret
2020-05-26,348.6,282.7,65.9,0.0,0.0,0.0,caret
2020-05-22,46.9,34.3,12.6,-7.7,7.7,0.0,caret
2020-05-21,0.0,53.9,-53.9,-44.6,44.6,0.0,caret
2020-05-20,12.4,134.5,-122.1,-43.1,43.1,0.0,caret
2020-05-19,0.0,346.3,-346.3,178.9,35.0,213.9,caret
2020-05-18,123.0,101.7,21.3,5.0,276.5,281.5,caret
2020-05-15,288.4,11.3,277.1,53.8,46.0,99.8,caret
2020-05-14,67.2,29.9,37.4,-7.8,7.8,0.0,caret
2020-05-13,303.0,56.5,246.5,197.9,0.0,197.9,caret
2020-05-12,63.5,140.8,-77.3,0.0,0.0,0.0,caret
2020-05-11,35.5,2.9,32.6,-1.4,1.4,0.0,caret
2020-05-08,73.0,140.8,-67.8,0.0,0.0,0.0,caret
2020-05-07,2.4,5.7,-3.3,0.0,0.0,0.0,caret
2020-05-06,5.4,0.0,5.4,0.0,0.0,0.0,caret
2020-05-05,2.4,363.8,-361.3,158.6,5.9,164.5,caret
2020-05-04,776.5,650.4,126.1,0.0,0.0,0.0,caret
2020-04-30,802.1,516.9,285.2,252.8,7.2,260.0,caret
2020-04-29,575.9,261.8,314.1,44.9,58.0,102.9,caret
2020-04-28,446.3,343.2,103.0,-243.8,309.6,65.8,caret
2020-04-27,149.5,1390.9,-1241.4,-37.9,61.0,23.1,caret
2020-04-24,16.2,426.3,-410.0,-19.0,19.0,0.0,caret
2020-04-23,0.0,28.2,-28.2,-13.6,32.6,19.0,caret
2020-04-22,40.0,66.0,-25.9,-10.3,45.6,35.3,caret
2020-04-21,275.4,199.2,76.2,40.1,0.0,40.1,caret
2020-04-20,83.3,113.9,-30.6,2.7,4.3,7.0,caret
2020-04-17,243.6,39.4,204.3,54.5,17.9,72.4,caret
2020-04-16,412.0,0.0,412.0,0.0,0.0,0.0,caret
2020-04-15,12.2,316.4,-304.3,0.0,0.0,0.0,caret
2020-04-13,1.5,132.1,-130.7,0.0,0.0,0.0,caret
2020-04-09,31.5,422.0,-390.5,-24.1,24.1,0.0,caret
2020-04-08,9.6,336.6,-326.9,0.0,0.0,0.0,caret
2020-04-07,29.6,308.4,-278.9,0.0,0.0,0.0,caret
2020-04-03,8.7,137.6,-128.9,15.6,0.8,16.4,caret
2020-04-01,80.6,334.0,-253.5,-50.0,50.0,0.0,caret
2020-03-31,414.5,141.9,272.6,5.9,0.0,5.9,caret
2020-03-30,19.4,52.9,-33.5,143.0,26.8,169.9,caret
2020-03-27,35.9,691.8,-656.0,-667.0,667.0,0.0,caret
2020-03-26,2507.6,2737.0,-229.4,-112.5,112.5,0.0,caret
2020-03-25,671.5,482.5,189.0,-84.9,84.9,0.0,caret
2020-03-24,767.4,450.3,317.1,-135.4,135.4,0.0,caret
2020-03-23,55.9,3.2,52.7,-94.0,94.0,0.0,caret
2020-03-20,162.0,293.2,-131.2,-47.7,313.9,266.2,caret
2020-03-19,216.4,130.6,85.9,-13.8,13.8,0.0,caret
2020-03-18,204.5,136.6,67.9,-79.1,442.9,363.8,caret
2020-03-17,303.0,141.4,161.6,-39.6,39.6,0.0,caret
2020-03-16,697.0,236.0,461.0,-417.7,417.7,0.0,caret
2020-03-13,816.9,557.0,260.0,-88.5,195.1,106.6,caret
2020-03-12,434.5,159.9,274.5,-313.2,1260.6,947.4,caret
2020-03-11,519.4,21.6,497.8,-29.3,29.3,0.0,caret
2020-03-09,378.5,119.3,259.2,-325.2,1056.3,731.1,caret
2020-03-06,39.8,0.0,39.8,0.0,0.0,0.0,caret
2020-03-05,39.8,0.0,39.8,0.0,0.0,0.0,caret
2020-03-04,199.6,154.6,45.0,316.9,0.0,316.9,caret
2020-03-03,228.2,356.7,-128.5,-21.6,385.4,363.9,caret
2020-03-02,309.9,369.5,-59.7,0.0,0.0,0.0,caret
2020-02-28,843.6,274.6,569.0,552.7,432.2,984.9,caret
2020-02-27,1319.9,1160.4,159.5,507.2,0.0,507.2,caret
2020-02-26,1997.5,1434.7,562.8,180.6,7.3,187.8,caret
2020-02-25,758.0,305.7,452.2,290.2,382.4,672.7,caret
2020-02-24,887.0,383.3,503.7,113.7,0.0,113.7,caret
2020-02-20,183.1,190.8,-7.7,-115.3,115.3,0.0,caret
2020-02-19,15.2,392.1,-376.9,0.0,0.0,0.0,caret
2020-02-18,431.6,40.3,391.3,-1077.5,1077.5,0.0,caret
2020-02-17,186.3,0.0,186.3,0.0,0.0,0.0,caret
2020-02-14,182.5,7.1,175.4,0.0,0.0,0.0,caret
2020-02-13,0.4,444.8,-444.4,0.0,0.0,0.0,caret
2020-02-12,0.0,331.0,-331.0,0.0,0.0,0.0,caret
2020-02-11,5.9,188.9,-183.0,0.0,0.0,0.0,caret
2020-02-10,0.0,0.0,0.0,0.0,0.0,0.0,caret
2020-02-07,2.2,56.0,-53.8,266.5,0.0,266.5,caret
2020-02-06,26.9,449.0,-422.1,-298.0,310.2,12.2,caret
2020-02-05,3.0,548.3,-545.3,539.2,0.0,539.2,caret
2020-02-04,221.5,953.1,-731.6,541.8,0.0,541.8,caret
2020-02-03,300.2,621.8,-321.6,-23.6,333.3,309.7,caret
2020-02-01,835.8,208.0,627.8,0.0,0.0,0.0,caret
2020-01-31,1066.2,54.7,1011.6,160.4,0.0,160.4,caret
2020-01-30,2809.5,2614.6,195.0,148.3,388.9,537.2,caret
2020-01-29,1816.6,1689.8,126.8,0.0,0.0,0.0,caret
2020-01-28,441.5,475.6,-34.1,-19.8,28.5,8.7,caret
2020-01-27,219.1,251.5,-32.4,-1086.8,1216.2,129.4,caret
2020-01-24,68.0,71.4,-3.4,185.6,0.0,185.6,caret
2020-01-23,190.5,52.4,138.1,606.6,0.0,606.6,caret
2020-01-22,653.3,333.9,319.4,189.4,102.9,292.4,caret
2020-01-21,487.3,1.0,486.3,406.2,0.0,406.2,caret
2020-01-20,184.2,6.7,177.5,0.0,0.0,0.0,caret
2020-01-17,3.7,9.9,-6.2,0.0,0.0,0.0,caret
2020-01-16,0.0,234.2,-234.2,0.0,0.0,0.0,caret
2020-01-15,0.0,23.2,-23.2,0.0,0.0,0.0,caret
2020-01-14,0.0,219.0,-219.0,-193.1,193.1,0.0,caret
2020-01-13,0.0,370.6,-370.6,0.0,0.0,0.0,caret
2020-01-10,0.0,0.0,0.0,0.0,0.0,0.0,caret
2020-01-09,37.2,760.2,-723.1,0.0,0.0,0.0,caret
2020-01-08,278.6,181.1,97.6,0.0,0.0,0.0,caret
2020-01-07,181.3,36.1,145.2,0.0,0.0,0.0,caret
2020-01-06,866.9,15.1,851.8,196.7,0.0,196.7,caret
2020-01-03,0.0,0.1,-0.1,0.0,0.0,0.0,caret
2020-01-02,226.0,294.4,-68.4,0.0,0.0,0.0,caret
2020-01-01,482.0,60.9,421.0,0.0,0.0,0.0,caret
2019-12-31,248.5,260.8,-12.3,58.6,0.0,58.6,caret
2019-12-30,157.9,71.0,86.9,0.0,0.0,0.0,caret
2019-12-27,273.8,0.0,273.8,0.0,0.0,0.0,caret
2019-12-26,2600.0,2374.1,225.9,36.6,144.5,181.1,caret
2019-12-24,3972.6,3826.8,145.8,0.0,0.0,0.0,caret
2019-12-23,193.4,241.5,-48.0,0.0,0.0,0.0,caret
2019-12-20,246.6,285.6,-39.0,0.0,0.0,0.0,caret
2019-12-19,0.0,61.1,-61.1,0.0,0.0,0.0,caret
2019-12-18,61.2,248.6,-187.4,0.0,0.0,0.0,caret
2019-12-17,182.6,130.7,51.9,0.0,0.0,0.0,caret
2019-12-16,0.9,444.1,-443.2,0.0,0.0,0.0,caret
2019-12-13,0.0,277.0,-277.0,-162.3,162.3,0.0,caret
2019-12-12,39.9,269.9,-230.0,0.0,0.0,0.0,caret
2019-12-11,114.4,22.4,92.0,-254.0,254.0,0.0,caret
2019-12-10,454.1,0.0,454.1,-456.8,456.8,0.0,caret
2019-12-09,6.0,378.9,-373.0,0.0,0.0,0.0,caret
2019-12-06,4.9,217.7,-212.8,129.3,0.0,129.3,caret
2019-12-05,417.8,111.1,306.7,0.0,0.0,0.0,caret
2019-12-04,216.2,199.9,16.3,-2.0,2.0,0.0,caret
2019-12-03,467.8,13.5,454.3,495.7,0.0,495.7,caret
2019-12-02,187.3,22.8,164.5,242.5,0.0,242.5,caret
2019-11-29,191.8,39.9,151.8,0.0,0.0,0.0,caret
2019-11-28,2390.9,2574.2,-183.3,60.9,0.0,60.9,caret
2019-11-27,3166.9,3792.0,-625.1,-121.7,121.7,0.0,caret
2019-11-26,652.5,931.8,-279.2,121.4,0.0,121.4,caret
2019-11-25,210.1,457.3,-247.2,543.0,65.0,608.1,caret
2019-11-22,407.4,297.8,109.6,202.8,483.0,685.8,caret
2019-11-21,8.5,148.6,-140.1,0.0,0.0,0.0,caret
2019-11-20,0.0,392.5,-392.5,0.0,0.0,0.0,caret
2019-11-19,0.0,276.6,-276.6,-32.8,49.3,16.5,caret
2019-11-18,0.0,149.2,-149.2,0.0,0.0,0.0,caret
2019-11-15,9.0,45.8,-36.8,-58.4,58.4,0.0,caret
2019-11-14,361.3,2.1,359.2,0.0,0.0,0.0,caret
2019-11-13,183.3,133.8,49.6,176.4,0.0,176.4,caret
2019-11-11,89.2,7.0,82.2,150.4,0.0,150.4,caret
2019-11-08,192.6,173.4,19.1,0.0,0.0,0.0,caret
2019-11-07,0.0,180.0,-180.0,0.0,0.0,0.0,caret
2019-11-06,0.0,30.2,-30.2,0.0,0.0,0.0,caret
2019-11-05,287.5,38.0,249.5,0.0,0.0,0.0,caret
2019-11-04,0.0,26.9,-26.9,238.2,0.0,238.2,caret
2019-11-01,0.0,571.9,-571.9,0.0,0.0,0.0,caret
2019-10-31,3920.0,3813.0,107.0,298.6,0.0,298.6,caret
2019-10-30,1907.7,2008.0,-100.3,0.0,0.0,0.0,caret
2019-10-29,253.7,270.0,-16.3,0.0,0.0,0.0,caret
2019-10-27,0.0,0.0,0.0,0.0,0.0,0.0,caret
2019-10-25,62.6,133.5,-70.9,-1531.8,1531.8,0.0,caret
2019-10-24,25.4,70.2,-44.7,-975.3,975.3,0.0,caret
2019-10-23,9.1,112.8,-103.6,0.0,0.0,0.0,caret
2019-10-22,26.7,533.2,-506.5,270.9,0.0,270.9,caret
2019-10-18,66.8,19.2,47.5,129.7,76.3,206.0,caret
2019-10-17,192.6,353.6,-161.0,479.7,0.0,479.7,caret
2019-10-16,5.0,407.0,-402.0,0.0,0.0,0.0,caret
2019-10-15,311.0,1.4,309.7,-147.0,147.0,0.0,caret
2019-10-14,0.3,437.5,-437.1,-153.0,153.0,0.0,caret
2019-10-11,253.0,0.0,253.0,0.0,0.0,0.0,caret
2019-10-10,255.2,0.0,255.2,0.4,0.0,0.4,caret
2019-10-09,0.7,724.0,-723.3,-95.8,266.8,171.0,caret
2019-10-07,6.0,1.0,5.0,196.0,0.0,196.0,caret
2019-10-04,93.6,242.6,-148.9,917.0,0.0,917.0,caret
2019-10-03,153.4,0.0,153.4,478.7,0.0,478.7,caret
2019-10-01,46.0,1.8,44.2,154.7,0.0,154.7,caret
2019-09-30,438.5,370.0,68.6,77.3,0.0,77.3,caret
2019-09-27,0.0,0.4,-0.4,437.9,0.0,437.9,caret
2019-09-26,2010.2,2520.8,-510.6,1.8,0.0,1.8,caret
2019-09-25,2435.9,2804.6,-368.7,1.8,0.0,1.8,caret
2019-09-24,1452.8,1790.6,-337.8,0.0,0.0,0.0,caret
2019-09-23,44.0,329.0,-285.0,-147.0,153.0,6.0,caret
2019-09-20,1500.0,466.0,1034.0,-2059.0,2059.0,0.0,caret
2019-09-19,498.0,73.0,425.0,323.0,247.0,570.0,caret
2019-09-18,20.4,253.2,-232.8,0.0,0.0,0.0,caret
2019-09-17,909.0,377.0,532.0,395.0,0.0,395.0,caret
2019-09-16,166.4,0.9,165.5,0.0,0.0,0.0,caret
2019-09-13,260.9,337.4,-76.5,483.4,414.4,897.8,caret
2019-09-12,390.7,462.3,-71.6,-0.4,0.4,0.0,caret
2019-09-11,53.2,165.9,-112.7,-2.1,2.1,0.0,caret
2019-09-09,5.5,348.6,-343.1,-100.7,101.1,0.4,caret
2019-09-06,93.9,492.1,-398.2,1.7,0.0,1.7,caret
2019-09-05,63.7,1.9,61.8,0.7,0.0,0.7,caret
2019-09-04,38.6,2.6,36.0,247.2,0.0,247.2,caret
2019-09-03,43.0,637.3,-594.4,840.5,0.0,840.5,caret
2019-08-30,360.8,438.9,-78.1,819.8,0.0,819.8,caret
2019-08-29,6133.2,5897.7,235.5,0.0,0.0,0.0,caret
2019-08-28,464.4,478.7,-14.3,-183.6,183.6,0.0,caret
2019-08-27,410.2,458.1,-47.8,0.0,0.0,0.0,caret
2019-08-26,633.9,462.6,171.3,-583.0,583.0,0.0,caret
2019-08-23,286.6,235.5,51.1,-3.0,225.8,222.8,caret
2019-08-22,485.5,123.9,361.7,586.3,143.5,729.8,caret
2019-08-21,8.2,1.6,6.6,491.2,0.0,491.2,caret
2019-08-20,7.8,2.2,5.6,-737.2,740.6,3.4,caret
2019-08-19,99.7,249.9,-150.2,0.0,0.0,0.0,caret
2019-08-16,839.4,72.5,766.9,0.0,0.0,0.0,caret
2019-08-14,229.6,82.9,146.7,-113.1,113.1,0.0,caret
2019-08-13,0.0,124.0,-124.0,114.0,0.0,114.0,caret
2019-08-09,35.7,421.7,-386.0,-2.3,2.3,0.0,caret
2019-08-08,88.0,435.1,-347.1,-177.4,177.4,0.0,caret
2019-08-07,408.9,479.9,-71.1,740.9,3.3,744.3,caret
2019-08-06,299.0,3.3,295.7,3.4,0.0,3.4,caret
2019-08-05,369.1,0.8,368.3,-1.7,1.7,0.0,caret
2019-08-02,465.6,167.6,298.0,-45.8,304.0,258.2,caret
2019-08-01,701.2,4.2,696.9,-212.8,216.2,3.3,caret
2019-07-31,697.6,42.3,655.3,-333.6,722.1,388.5,caret
2019-07-30,271.8,338.9,-67.1,-269.3,269.3,0.0,caret
2019-07-29,406.5,31.9,374.6,-3.3,92.9,89.6,caret
2019-07-26,478.2,0.4,477.8,0.0,0.0,0.0,caret
2019-07-25,3884.4,4049.0,-164.6,-10.2,10.2,0.0,caret
2019-07-24,1254.9,401.2,853.7,-209.2,248.7,39.6,caret
2019-07-23,248.0,160.1,87.9,226.5,403.0,629.5,caret
2019-07-22,378.6,167.9,210.7,850.7,153.0,1003.7,caret
2019-07-19,699.5,33.2,666.3,105.3,0.0,105.3,caret
2019-07-18,174.0,0.3,173.7,70.8,144.9,215.7,caret
2019-07-17,22.6,0.0,22.6,325.7,206.3,532.0,caret
2019-07-16,0.8,262.3,-261.5,-46.0,46.0,0.0,caret
2019-07-15,0.0,86.8,-86.8,0.0,0.0,0.0,caret
2019-07-12,188.9,0.0,188.9,-88.7,88.7,0.0,caret
2019-07-11,0.0,0.0,0.0,0.0,0.0,0.0,caret
2019-07-10,48.8,104.6,-55.8,65.0,0.0,65.0,caret
2019-07-09,324.5,394.5,-70.1,59.5,5.3,64.8,caret
2019-07-08,999.0,54.4,944.6,177.8,0.0,177.8,caret
2019-07-05,707.8,15.2,692.6,412.4,78.8,491.2,caret
2019-07-04,11.4,0.0,11.4,156.2,0.0,156.2,caret
2019-07-03,0.0,734.3,-734.3,2.2,0.0,2.2,caret
2019-07-02,267.0,179.3,87.7,0.0,0.0,0.0,caret
2019-07-01,9.7,624.7,-615.0,93.9,0.0,93.9,caret
2019-06-28,300.4,56.4,244.0,97.4,0.0,97.4,caret
2019-06-27,3839.3,5010.7,-1171.5,-28.4,29.7,1.2,caret
2019-06-26,1559.4,1452.1,107.4,0.4,0.0,0.4,caret
2019-06-25,539.8,516.8,23.0,2.4,285.6,288.0,caret
2019-06-24,289.6,29.5,260.2,0.0,0.0,0.0,caret
2019-06-21,129.7,58.6,71.1,10.4,0.0,10.4,caret
2019-06-20,66.0,512.2,-446.3,-20.7,20.7,0.0,caret
2019-06-19,163.8,461.1,-297.3,0.0,0.0,0.0,caret
2019-06-18,351.9,131.9,220.0,-31.8,42.1,10.4,caret
2019-06-17,624.6,37.0,587.6,70.4,12.0,82.4,caret
2019-06-14,410.1,76.4,333.7,-3.2,75.2,72.0,caret
2019-06-13,22.3,706.4,-684.2,0.0,12.0,12.0,caret
2019-06-12,267.8,0.6,267.2,63.2,0.0,63.2,caret
2019-06-11,0.0,472.2,-472.2,0.0,0.0,0.0,caret
2019-06-10,160.9,246.4,-85.5,12.7,11.3,24.0,caret
2019-06-07,212.6,0.0,212.6,141.6,0.0,141.6,caret
2019-06-06,920.3,315.4,605.0,-22.2,24.0,1.8,caret
2019-06-04,659.2,125.2,534.0,73.4,0.0,73.4,caret
2019-06-03,58.5,452.3,-393.7,-406.7,409.4,2.7,caret
2019-05-31,267.1,231.8,35.3,3.2,0.0,3.2,caret
2019-05-30,5503.4,6055.8,-552.4,-395.2,395.2,0.0,caret
2019-05-29,971.7,783.7,188.1,2.7,0.0,2.7,caret
2019-05-28,479.0,325.9,153.1,2.0,0.0,2.0,caret
2019-05-27,103.2,109.1,-5.9,0.0,0.0,0.0,caret
2019-05-24,343.2,252.7,90.5,0.0,0.0,0.0,caret
2019-05-23,1133.7,251.4,882.3,-495.8,495.8,0.0,caret
2019-05-22,296.0,76.4,219.6,29.7,0.0,29.7,caret
2019-05-21,42.5,391.7,-349.2,278.9,25.0,303.9,caret
2019-05-20,756.8,147.0,609.7,-324.1,359.2,35.1,caret
2019-05-17,535.3,341.5,193.8,-146.5,149.8,3.3,caret
2019-05-16,482.0,169.6,312.5,-21.4,274.4,253.1,caret
2019-05-15,312.1,236.7,75.3,-1.6,1.6,0.0,caret
2019-05-14,27.6,363.8,-336.2,-0.6,0.6,0.0,caret
2019-05-13,541.2,28.9,512.2,159.8,0.3,160.2,caret
2019-05-10,534.4,0.0,534.4,-1.6,1.6,0.0,caret
2019-05-09,296.8,0.0,296.8,-0.5,0.7,0.2,caret
2019-05-08,546.3,32.1,514.2,27.0,225.0,252.0,caret
2019-05-07,678.2,44.3,633.8,90.0,0.0,90.0,caret
2019-05-06,643.5,36.2,607.3,434.0,0.0,434.0,caret
2019-05-03,9.6,380.6,-371.1,0.0,0.0,0.0,caret
2019-05-02,5.9,284.2,-278.4,0.0,0.0,0.0,caret
2019-04-30,506.6,100.3,406.3,0.4,0.0,0.4,caret
2019-04-26,125.6,567.8,-442.2,1.2,0.0,1.2,caret
2019-04-25,7468.9,8144.4,-675.4,-21.7,62.4,40.7,caret
2019-04-24,176.2,78.0,98.2,-192.1,232.1,40.0,caret
2019-04-23,116.4,82.9,33.4,93.0,115.6,208.6,caret
2019-04-22,1038.6,217.4,821.2,-654.0,879.9,225.9,caret
2019-04-18,0.0,277.8,-277.8,110.9,0.0,110.9,caret
2019-04-16,78.9,378.4,-299.5,5.6,608.6,614.2,caret
2019-04-15,158.2,1.2,157.0,0.9,0.0,0.9,caret
2019-04-12,149.5,35.0,114.5,0.2,0.0,0.2,caret
2019-04-11,87.4,44.9,42.4,1.8,0.0,1.8,caret
2019-04-10,322.4,255.2,67.2,3.1,0.0,3.1,caret
2019-04-09,4.2,369.1,-364.9,1.0,0.0,1.0,caret
2019-04-08,0.0,355.6,-355.6,112.7,0.0,112.7,caret
2019-04-05,10.7,93.2,-82.6,1.2,0.0,1.2,caret
2019-04-04,1.0,115.0,-113.9,291.3,0.0,291.3,caret
2019-04-03,0.0,1.2,-1.2,185.5,0.0,185.5,caret
2019-04-02,16.8,422.5,-405.8,100.2,0.0,100.2,caret
2019-04-01,19.4,45.4,-26.0,732.9,0.0,732.9,caret
2019-03-29,0.4,421.2,-420.9,-100.9,163.3,62.4,caret
2019-03-28,1509.7,1615.3,-105.6,-52.5,140.4,87.9,caret
2019-03-27,1713.4,2198.3,-484.9,-181.3,181.3,0.0,caret
2019-03-26,504.9,191.5,313.3,-149.5,238.7,89.2,caret
2019-03-25,317.8,364.6,-46.9,-214.3,510.1,295.8,caret
2019-03-22,2642.8,2731.9,-89.1,119.0,0.0,119.0,caret
2019-03-20,145.4,205.0,-59.5,-73.4,104.4,31.0,caret
2019-03-19,477.1,23.3,453.7,-36.7,36.7,0.0,caret
2019-03-18,74.6,280.8,-206.2,-89.5,162.3,72.9,caret
2019-03-15,0.6,9.5,-8.8,170.5,42.5,213.0,caret
2019-03-14,35.2,507.7,-472.5,269.4,0.0,269.4,caret
2019-03-13,489.5,874.6,-385.2,0.0,0.0,0.0,caret
2019-03-12,27.5,686.3,-658.8,0.0,0.0,0.0,caret
2019-03-11,83.3,383.5,-300.2,66.0,0.0,66.0,caret
2019-03-08,0.0,6.2,-6.2,-30.2,30.2,0.0,caret
2019-03-07,0.0,321.7,-321.7,732.2,0.0,732.2,caret
2019-03-06,0.0,93.7,-93.7,85.3,0.0,85.3,caret
2019-03-05,66.2,148.4,-82.2,-1599.3,1607.7,8.4,caret
2019-03-01,4.0,1.0,3.0,51.0,0.0,51.0,caret
2019-02-28,1813.6,1852.7,-39.0,221.1,0.0,221.1,caret
2019-02-27,553.0,625.4,-72.4,613.2,0.0,613.2,caret
2019-02-26,761.6,490.5,271.1,758.9,108.4,867.3,caret
2019-02-25,1539.7,1331.1,208.5,-85.2,243.1,157.9,caret
2019-02-22,75.0,633.0,-557.9,0.2,0.0,0.2,caret
2019-02-21,202.9,25.8,177.0,-70.2,71.4,1.1,caret
2019-02-20,152.1,328.1,-176.0,-170.8,171.6,0.8,caret
2019-02-19,319.0,0.1,318.9,-303.7,306.1,2.4,caret
2019-02-18,23.3,130.6,-107.3,-369.0,422.4,53.4,caret
2019-02-15,1350.9,409.6,941.3,-181.6,188.0,6.3,caret
2019-02-14,1485.2,99.6,1385.7,-152.4,152.8,0.4,caret
2019-02-13,5.2,0.0,5.2,6.8,8.5,15.3,caret
2019-02-12,134.7,237.5,-102.7,32.0,0.0,32.0,caret
2019-02-11,27.0,8.6,18.4,33.4,0.0,33.4,caret
2019-02-08,1.0,673.2,-672.2,189.0,32.9,221.9,caret
2019-02-07,104.9,347.8,-242.9,627.4,0.0,627.4,caret
2019-02-06,0.0,627.6,-627.6,415.2,0.0,415.2,caret
2019-02-05,1.7,699.8,-698.0,-2.4,2.4,0.0,caret
2019-02-04,9.4,458.7,-449.3,0.8,0.0,0.8,caret
2019-02-01,15.1,486.0,-470.9,106.0,8.4,114.4,caret
2019-01-31,1368.0,2226.7,-858.6,16.8,283.8,300.6,caret
2019-01-30,1980.9,1961.7,19.2,-160.0,160.0,0.0,caret
2019-01-29,3231.9,2674.8,557.1,0.0,0.0,0.0,caret
2019-01-28,763.7,119.1,644.6,0.0,114.4,114.4,caret
2019-01-25,11.0,470.4,-459.5,2.3,0.0,2.3,caret
2019-01-24,331.2,16.4,314.9,-1.1,1.1,0.0,caret
2019-01-23,179.1,61.7,117.4,-53.4,54.5,1.1,caret
2019-01-22,0.4,39.5,-39.1,3.3,0.0,3.3,caret
2019-01-21,2.7,860.7,-857.9,139.4,0.0,139.4,caret
2019-01-18,0.6,11.6,-11.0,0.0,2.3,2.3,caret
2019-01-17,0.0,406.6,-406.6,54.5,0.0,54.5,caret
2019-01-16,0.0,221.4,-221.4,0.0,0.0,0.0,caret
2019-01-15,91.3,183.3,-92.0,-161.7,161.7,0.0,caret
2019-01-14,1.4,0.0,1.4,0.0,0.0,0.0,caret
2019-01-11,0.0,115.9,-115.9,0.0,0.0,0.0,caret
2019-01-10,1.4,513.6,-512.2,0.0,0.0,0.0,caret
2019-01-09,9.0,326.2,-317.2,0.0,0.0,0.0,caret
2019-01-08,24.8,53.4,-28.6,0.0,0.0,0.0,caret
2019-01-07,0.0,498.3,-498.3,0.0,0.0,0.0,caret
2019-01-04,0.3,161.8,-161.4,0.0,0.0,0.0,caret
2019-01-03,436.3,332.1,104.2,217.8,0.0,217.8,caret
2019-01-02,479.2,158.3,320.9,-54.4,54.4,0.0,caret
2019-01-01,31.5,29.2,2.3,-78.5,99.0,20.5,caret
2018-12-31,336.9,0.0,336.9,-82.5,82.5,0.0,caret
2018-12-28,40.5,327.8,-287.3,-127.0,127.0,0.0,caret
2018-12-27,2537.9,2475.5,62.4,0.0,0.0,0.0,caret
2018-12-26,1011.2,1027.2,-16.0,2.3,167.3,169.6,caret
2018-12-24,3226.2,2095.0,1131.2,0.0,0.0,0.0,caret
2018-12-21,1165.2,435.1,730.2,363.4,92.6,456.1,caret
2018-12-20,10.9,49.1,-38.2,0.0,0.0,0.0,caret
2018-12-19,31.0,3.0,28.0,-296.3,296.3,0.0,caret
2018-12-18,6.0,327.8,-321.8,-41.2,41.2,0.0,caret
2018-12-17,12.0,417.2,-405.2,-168.9,172.2,3.3,caret
2018-12-14,9.2,415.2,-406.0,-852.7,1060.3,207.6,caret
2018-12-13,31.0,688.4,-657.4,-1623.1,1628.4,5.3,caret
2018-12-12,12.9,373.9,-361.0,-142.8,142.8,0.0,caret
2018-12-11,222.9,22.5,200.4,248.4,449.7,698.1,caret
2018-12-10,226.5,0.0,226.5,318.8,0.0,318.8,caret
2018-12-07,525.5,0.0,525.5,0.0,0.0,0.0,caret
2018-12-06,652.5,23.6,628.9,-37.7,140.4,102.8,caret
2018-12-05,332.6,192.3,140.2,10.9,0.0,10.9,caret
2018-12-04,7.9,23.2,-15.3,-80.0,80.2,0.2,caret
2018-12-03,98.0,491.0,-393.0,-26.7,166.9,140.2,caret
2018-11-30,392.4,169.6,222.7,-11.4,11.4,0.0,caret
2018-11-29,2669.8,2781.7,-111.9,132.5,12.5,145.0,caret
2018-11-28,2511.6,3252.1,-740.5,-77.1,82.5,5.4,caret
2018-11-27,1489.0,1210.6,278.4,7.1,0.0,7.1,caret
2018-11-26,828.2,566.8,261.3,155.1,0.0,155.1,caret
2018-11-22,396.1,98.7,297.4,151.2,0.0,151.2,caret
2018-11-21,417.9,417.2,0.7,191.1,0.0,191.1,caret
2018-11-20,0.0,174.1,-174.1,1127.3,0.0,1127.3,caret
2018-11-19,0.0,380.8,-380.8,0.0,0.0,0.0,caret
2018-11-16,39.0,106.5,-67.4,1.3,0.0,1.3,caret
2018-11-15,0.0,123.1,-123.1,2.7,0.0,2.7,caret
2018-11-14,520.9,217.7,303.2,2.7,0.0,2.7,caret
2018-11-13,329.3,222.1,107.1,-135.4,563.0,427.6,caret
2018-11-12,87.2,144.6,-57.5,0.0,0.0,0.0,caret
2018-11-09,0.0,219.2,-219.2,718.1,0.0,718.1,caret
2018-11-07,0.0,0.0,0.0,0.0,0.0,0.0,caret
2018-11-06,55.5,38.1,17.4,0.0,0.0,0.0,caret
2018-11-05,28.4,142.8,-114.4,0.0,0.0,0.0,caret
2018-11-02,286.4,579.2,-292.8,-640.2,736.5,96.4,caret
2018-11-01,164.6,752.7,-588.2,188.6,109.2,297.8,caret
2018-10-31,403.2,471.7,-68.6,-100.8,100.8,0.0,caret
2018-10-30,218.0,625.0,-407.0,0.0,0.0,0.0,caret
2018-10-29,104.9,564.8,-459.9,162.2,0.0,162.2,caret
2018-10-26,311.9,0.9,311.0,-239.4,239.4,0.0,caret
2018-10-25,1980.0,1888.9,91.1,292.3,4.9,297.2,caret
2018-10-24,3818.7,3870.0,-51.4,-9.4,145.2,135.8,caret
2018-10-23,2064.4,1642.1,422.3,-732.7,943.5,210.8,caret
2018-10-22,1231.6,862.1,369.5,615.2,4.2,619.5,caret
2018-10-19,1188.2,0.7,1187.4,1464.3,0.0,1464.3,caret
2018-10-17,313.6,214.0,99.6,267.1,0.0,267.1,caret
2018-10-16,36.8,180.7,-143.9,-31.9,31.9,0.0,caret
2018-10-15,16.5,558.2,-541.7,-83.6,83.6,0.0,caret
2018-10-12,56.0,861.6,-805.6,29.6,54.6,84.1,caret
2018-10-11,2162.2,1.0,2161.3,-1087.6,1908.0,820.4,caret
2018-10-10,86.6,718.0,-631.5,-2049.3,2050.3,1.0,caret
2018-10-09,183.4,42.7,140.7,68.0,132.0,200.0,caret
2018-10-08,823.4,0.0,823.4,656.1,110.5,766.6,caret
2018-10-05,1439.4,2.7,1436.7,-653.1,1302.1,649.0,caret
2018-10-04,1534.3,11.4,1522.9,174.4,231.4,405.8,caret
2018-10-03,270.2,156.6,113.6,1590.1,3.9,1594.0,caret
2018-10-01,145.7,165.8,-20.1,2385.0,0.0,2385.0,caret
2018-09-28,620.0,36.3,583.6,3.9,0.0,3.9,caret
2018-09-27,3700.8,4190.0,-489.3,-230.1,608.6,378.5,caret
2018-09-26,1650.0,1983.8,-333.9,-18.0,19.3,1.3,caret
2018-09-25,1529.3,655.2,874.2,-163.0,166.4,3.4,caret
2018-09-24,1338.8,127.9,1210.9,-1084.9,1094.3,9.4,caret
2018-09-21,1088.2,162.9,925.3,-217.1,263.4,46.2,caret
2018-09-19,448.7,0.0,448.7,42.2,0.0,42.2,caret
2018-09-18,128.5,0.6,127.9,-30.8,35.1,4.3,caret
2018-09-17,340.9,0.0,340.9,4.3,0.0,4.3,caret
2018-09-14,38.7,345.0,-306.3,4.3,0.0,4.3,caret
2018-09-12,360.1,113.2,246.9,-50.5,50.9,0.4,caret
2018-09-11,295.5,0.0,295.5,-100.4,102.0,1.5,caret
2018-09-10,253.4,84.8,168.6,-63.0,102.0,38.9,caret
2018-09-07,169.9,4.4,165.6,-62.1,129.2,67.1,caret
2018-09-06,145.1,0.0,145.1,94.4,0.0,94.4,caret
2018-09-05,159.3,43.1,116.2,-180.8,203.2,22.4,caret
2018-09-04,360.0,26.7,333.3,116.8,0.0,116.8,caret
2018-09-03,45.8,144.1,-98.3,280.4,0.0,280.4,caret
2018-08-31,117.0,122.7,-5.7,124.4,0.2,124.6,caret
2018-08-30,2571.1,3220.1,-648.9,661.3,0.0,661.3,caret
2018-08-29,5229.5,5035.3,194.2,310.0,0.0,310.0,caret
2018-08-28,2238.5,2221.8,16.7,14.0,395.4,409.4,caret
2018-08-27,296.8,297.7,-0.9,-4.3,4.3,0.0,caret
2018-08-24,2.4,47.2,-44.8,108.7,0.0,108.7,caret
2018-08-23,38.6,59.0,-20.4,174.0,0.0,174.0,caret
2018-08-21,11.5,347.1,-335.5,0.0,0.0,0.0,caret
2018-08-20,0.0,4.2,-4.2,0.8,0.0,0.8,caret
2018-08-17,34.4,217.0,-182.6,-63.8,207.4,143.7,caret
2018-08-16,6.0,0.0,6.0,153.2,419.1,572.3,caret
2018-08-14,0.0,122.3,-122.3,523.6,0.0,523.6,caret
2018-08-13,0.0,487.2,-487.2,10.8,0.0,10.8,caret
2018-08-10,14.0,39.3,-25.3,0.0,0.0,0.0,caret
2018-08-09,6.4,0.0,6.4,-155.4,605.0,449.6,caret
2018-08-08,18.6,405.3,-386.7,0.0,0.0,0.0,caret
2018-08-07,42.2,181.0,-138.7,158.4,0.0,158.4,caret
2018-08-06,0.4,39.0,-38.5,-3.9,3.9,0.0,caret
2018-08-03,105.6,29.8,75.8,-1.0,1.0,0.0,caret
2018-08-02,665.3,73.9,591.4,903.8,0.0,903.8,caret
2018-08-01,221.8,149.1,72.6,-337.2,338.9,1.7,caret
2018-07-31,86.8,425.4,-338.6,-112.8,114.9,2.1,caret
2018-07-30,1.4,1074.6,-1073.3,-108.6,115.1,6.5,caret
2018-07-27,0.0,411.1,-411.1,139.3,0.7,140.0,caret
2018-07-26,3047.8,3217.4,-169.6,195.2,210.1,405.3,caret
2018-07-25,2696.1,2970.0,-273.9,-19.7,19.7,0.0,caret
2018-07-24,2407.9,2914.5,-506.6,254.2,1.1,255.3,caret
2018-07-23,81.2,81.8,-0.5,-53.7,202.0,148.4,caret
2018-07-20,0.0,566.6,-566.6,-1.0,1.0,0.0,caret
2018-07-19,0.0,0.0,0.0,-1.7,1.7,0.0,caret
2018-07-18,12.6,0.0,12.6,-114.7,168.5,53.8,caret
2018-07-17,563.2,401.6,161.7,-3.5,3.5,0.0,caret
2018-07-16,111.6,319.1,-207.5,-81.4,163.8,82.5,caret
2018-07-13,0.0,346.1,-346.1,262.9,2.0,265.0,caret
2018-07-12,31.0,176.4,-145.4,860.6,1.5,862.1,caret
2018-07-11,11.0,902.7,-891.7,0.1,0.0,0.1,caret
2018-07-10,55.4,331.2,-275.8,77.5,0.0,77.5,caret
2018-07-09,35.8,98.3,-62.4,0.0,0.0,0.0,caret
2018-07-06,6.1,9.4,-3.4,0.0,0.0,0.0,caret
2018-07-05,39.0,339.8,-300.8,0.0,0.0,0.0,caret
2018-07-04,316.0,4.0,312.0,-87.9,87.9,0.0,caret
2018-07-03,875.3,0.0,875.3,-143.1,143.1,0.0,caret
2018-07-02,28.2,10.0,18.1,111.3,0.0,111.3,caret
2018-06-29,453.6,65.2,388.5,-24.8,24.8,0.0,caret
2018-06-28,533.6,588.4,-54.7,-13.9,68.3,54.4,caret
2018-06-27,533.6,588.4,-54.7,-13.9,68.3,54.4,caret
2018-06-26,1855.8,2063.0,-207.2,-167.1,183.0,15.9,caret
2018-06-25,50.6,204.6,-154.0,-280.2,296.0,15.9,caret
2018-06-22,65.0,0.0,65.0,-256.5,256.5,0.0,caret
2018-06-21,114.0,0.5,113.5,54.5,0.0,54.5,caret
2018-06-20,161.5,4.0,157.5,-15.8,575.4,559.6,caret
2018-06-19,338.2,61.9,276.3,-345.7,373.0,27.2,caret
2018-06-18,1.3,0.0,1.3,0.0,0.0,0.0,caret
2018-06-15,231.8,346.2,-114.3,0.3,0.0,0.3,caret
2018-06-14,61.9,5.2,56.7,0.0,0.0,0.0,caret
2018-06-13,6.0,4.4,1.6,0.0,0.0,0.0,caret
2018-06-12,790.1,0.6,789.4,-437.8,528.6,90.8,caret
2018-06-11,182.4,0.2,182.3,132.8,116.1,248.9,caret
2018-06-08,327.1,420.8,-93.7,-44.1,44.1,0.0,caret
2018-06-07,167.5,215.5,-47.9,-85.8,85.8,0.0,caret
2018-06-06,0.0,3.2,-3.2,0.0,0.0,0.0,caret
2018-06-05,415.4,0.0,415.4,-18.6,65.2,46.5,caret
2018-06-04,0.0,477.0,-477.0,57.3,0.0,57.3,caret
2018-06-01,3.3,568.0,-564.7,265.5,0.0,265.5,caret
2018-05-31,1621.7,2566.5,-944.8,234.1,0.0,234.1,caret
2018-05-30,1811.1,1787.9,23.2,0.0,0.0,0.0,caret
2018-05-29,203.5,257.5,-54.0,52.9,0.0,52.9,caret
2018-05-28,584.8,1080.1,-495.3,-126.0,126.0,0.0,caret
2018-05-25,42.2,423.6,-381.4,-175.0,175.0,0.0,caret
2018-05-24,167.1,10.0,157.2,-52.3,52.3,0.0,caret
2018-05-23,165.7,2.8,163.0,-415.8,415.8,0.0,caret
2018-05-22,321.0,5.0,316.1,-119.6,247.8,128.3,caret
2018-05-21,273.6,5.8,267.8,171.3,249.7,421.0,caret
2018-05-18,507.2,68.4,438.8,-90.8,117.6,26.9,caret
2018-05-17,317.8,205.4,112.4,387.6,0.0,387.6,caret
2018-05-16,107.6,45.6,62.0,0.0,0.0,0.0,caret
2018-05-15,20.0,585.0,-565.0,-456.8,456.8,0.0,caret
2018-05-14,0.0,8.5,-8.5,319.1,0.0,319.1,caret
2018-05-11,52.6,56.1,-3.4,1236.2,36.8,1272.9,caret
2018-05-10,1.0,1.5,-0.6,0.0,0.0,0.0,caret
2018-05-09,475.3,1.0,474.3,0.0,0.0,0.0,caret
2018-05-08,249.6,8.0,241.6,0.0,0.0,0.0,caret
2018-05-07,94.1,5.9,88.1,-66.2,66.2,0.0,caret
2018-05-04,1.9,9.8,-7.8,33.0,0.0,33.0,caret
2018-05-03,6.4,50.7,-44.3,16.5,0.0,16.5,caret
2018-05-02,103.6,200.8,-97.2,0.0,0.0,0.0,caret
2018-04-30,43.6,7.8,35.9,3.2,0.0,3.2,caret
2018-04-27,0.0,728.4,-728.4,62.9,19.6,82.5,caret
2018-04-26,2861.9,3681.6,-819.7,29.7,0.0,29.7,caret
2018-04-25,804.6,1062.0,-257.4,0.0,0.0,0.0,caret
2018-04-24,1598.9,1569.0,29.9,90.1,0.0,90.1,caret
2018-04-23,12540.0,1229.5,11310.5,0.0,0.0,0.0,caret
2018-04-20,0.3,405.9,-405.6,0.0,0.0,0.0,caret
2018-04-19,0.0,417.9,-417.9,0.4,0.0,0.4,caret
2018-04-18,0.3,133.4,-133.0,15.8,0.0,15.8,caret
2018-04-17,0.0,1182.3,-1182.3,0.0,0.0,0.0,caret
2018-04-16,259.2,142.6,116.6,-29.0,29.0,0.0,caret
2018-04-13,0.0,590.5,-590.5,185.7,0.0,185.7,caret
2018-04-12,2.7,114.4,-111.7,0.0,0.0,0.0,caret
2018-04-11,3.9,0.0,3.9,0.0,0.0,0.0,caret
2018-04-10,0.0,787.6,-787.6,102.4,53.6,156.0,caret
2018-04-09,0.0,156.3,-156.3,0.0,0.0,0.0,caret
2018-04-06,24.7,328.8,-304.1,0.0,0.0,0.0,caret
2018-04-05,0.0,267.3,-267.3,-257.0,275.4,18.3,caret
2018-04-04,418.3,0.6,417.7,127.4,0.0,127.4,caret
2018-04-03,34.2,623.7,-589.5,0.0,0.0,0.0,caret
2018-04-02,109.6,1.8,107.9,27.0,0.0,27.0,caret
2018-03-28,2951.5,2034.8,916.8,128.9,212.6,341.5,caret
2018-03-27,838.3,1251.2,-412.9,101.0,0.0,101.0,caret
2018-03-26,2167.2,978.1,1189.1,42.8,32.1,74.9,caret
2018-03-23,499.7,91.3,408.4,74.2,0.0,74.2,caret
2018-03-22,0.0,284.0,-284.0,0.1,0.0,0.1,caret
2018-03-21,400.0,87.2,312.8,-392.6,392.6,0.1,caret
2018-03-20,473.4,277.3,196.0,40.6,107.3,148.0,caret
2018-03-19,660.4,233.3,427.1,-500.0,500.0,0.0,caret
2018-03-16,620.5,229.5,391.0,89.4,0.0,89.4,caret
2018-03-15,52.1,552.6,-500.5,30.4,0.0,30.4,caret
2018-03-14,29.9,234.8,-204.9,0.1,0.0,0.1,caret
2018-03-13,628.2,612.9,15.3,-31.7,31.8,0.1,caret
2018-03-12,339.1,268.0,71.1,-154.5,154.5,0.0,caret
2018-03-09,987.5,10.0,977.6,40.6,0.0,40.6,caret
2018-03-08,683.4,0.0,683.4,1041.0,0.0,1041.0,caret
2018-03-07,678.9,21.5,657.4,120.3,0.0,120.3,caret
2018-03-06,30.8,160.7,-130.0,55.6,0.0,55.6,caret
2018-03-05,517.7,460.7,57.0,36.0,0.0,36.0,caret
2018-03-01,0.0,401.6,-401.6,204.8,0.0,204.8,caret
2018-02-28,131.4,0.2,131.2,51.2,0.0,51.2,caret
2018-02-27,127.9,260.4,-132.5,165.4,0.0,165.4,caret
2018-02-26,335.2,515.2,-180.1,209.8,0.0,209.8,caret
2018-02-23,5.4,500.1,-494.8,-54.1,54.1,0.0,caret
2018-02-22,2867.7,2856.4,11.3,387.0,0.0,387.0,caret
2018-02-21,427.1,427.6,-0.5,-298.7,299.1,0.4,caret
2018-02-20,827.2,747.3,79.9,8.3,128.4,136.7,caret
2018-02-19,877.3,412.4,464.9,24.2,0.0,24.2,caret
2018-02-16,0.0,359.7,-359.7,0.8,0.0,0.8,caret
2018-02-15,9.2,15.4,-6.2,0.8,0.0,0.8,caret
2018-02-14,5.0,5.4,-0.4,0.0,0.0,0.0,caret
2018-02-13,0.0,0.0,0.0,0.0,0.0,0.0,caret
2018-02-12,20.9,2.5,18.4,0.0,0.0,0.0,caret
2018-02-09,83.8,66.2,17.7,0.0,0.0,0.0,caret
2018-02-08,59.3,119.1,-59.8,-3.9,3.9,0.0,caret
2018-02-07,129.0,6.3,122.7,181.1,0.0,181.1,caret
2018-02-06,676.1,347.6,328.5,-171.5,587.4,416.0,caret
2018-02-05,502.1,606.8,-104.7,53.4,34.5,88.0,caret
2018-02-02,502.1,606.8,-104.7,53.4,34.5,88.0,caret
2018-02-01,1476.7,1058.4,418.3,-691.6,691.6,0.0,caret
2018-01-31,311.3,37.9,273.4,12.1,685.3,697.4,caret
2018-01-30,37.4,29.9,7.5,37.7,0.0,37.7,caret
2018-01-29,37.0,0.0,37.0,0.4,0.0,0.4,caret
2018-01-25,1959.9,2751.2,-791.3,-3.0,3.0,0.0,caret
2018-01-24,1567.1,1704.4,-137.3,5.9,0.0,5.9,caret
2018-01-23,1381.5,1756.4,-374.9,255.8,0.0,255.8,caret
2018-01-22,766.4,1282.2,-515.8,18.8,666.5,685.3,caret
2018-01-19,5.9,5.9,0.0,0.0,0.0,0.0,caret
2018-01-18,79.3,390.9,-311.5,0.4,78.0,78.4,caret
2018-01-17,13.3,28.8,-15.4,0.0,0.0,0.0,caret
2018-01-16,27.7,542.2,-514.5,27.2,0.0,27.2,caret
2018-01-15,1.6,422.4,-420.7,0.0,0.0,0.0,caret
2018-01-12,12.6,127.8,-115.2,44.0,331.4,375.4,caret
2018-01-11,0.0,183.5,-183.5,66.4,0.0,66.4,caret
2018-01-10,0.0,1.6,-1.6,0.0,0.0,0.0,caret
2018-01-09,5.7,898.9,-893.2,161.9,0.0,161.9,caret
2018-01-08,3.2,130.4,-127.2,116.9,0.0,116.9,caret
2018-01-05,43.2,52.1,-8.9,0.0,0.0,0.0,caret
2018-01-04,105.9,2.4,103.6,139.3,0.0,139.3,caret
2018-01-03,17.8,76.1,-58.2,248.1,0.0,248.1,caret
2018-01-02,34.3,4.4,29.9,104.6,0.0,104.6,caret
2018-01-01,0.0,24.1,-24.1,11.3,0.0,11.3,caret
2017-12-29,25.3,558.4,-533.0,981.7,0.0,981.7,caret
2017-12-28,2601.3,2162.2,439.1,220.8,0.0,220.8,caret
2017-12-27,444.5,416.2,28.3,747.0,43.1,790.2,caret
2017-12-26,749.4,598.7,150.8,150.4,0.0,150.4,caret
2017-12-22,452.7,444.6,8.1,56.3,0.0,56.3,caret
2017-12-21,2.9,331.0,-328.1,0.0,0.0,0.0,caret
2017-12-20,20.9,0.0,20.9,0.0,0.0,0.0,caret
2017-12-19,132.6,156.6,-24.0,-98.0,98.0,0.0,caret
2017-12-18,0.2,457.6,-457.4,-203.8,210.4,6.5,caret
2017-12-15,31.2,1.6,29.6,-348.6,348.6,0.0,caret
2017-12-14,52.0,0.0,52.0,501.0,74.4,575.3,caret
2017-12-13,0.0,49.0,-49.0,883.6,114.0,997.6,caret
2017-12-12,0.0,25.7,-25.7,92.5,0.0,92.5,caret
2017-12-11,527.3,392.0,135.3,0.0,0.0,0.0,caret
2017-12-08,85.3,0.0,85.3,-40.4,40.4,0.0,caret
2017-12-07,0.0,0.0,0.0,-351.5,351.5,0.0,caret
2017-12-06,4.1,48.5,-44.4,241.1,0.0,241.1,caret
2017-12-05,0.0,40.8,-40.8,225.4,1.0,226.3,caret
2017-12-04,203.3,0.0,203.3,-138.1,138.1,0.0,caret
2017-12-01,304.4,7.3,297.2,60.2,0.0,60.2,caret
